# Forces      
# CofR        : (0.000000e+00 0.000000e+00 0.000000e+00)
# Time        forces(pressure viscous)	moments(pressure viscous)
0             	((0.000000e+00 0.000000e+00 0.000000e+00) (1.196919e+01 -3.425831e-06 -2.729256e-05)) ((0.000000e+00 0.000000e+00 0.000000e+00) (-3.426009e-06 -5.004688e-05 -1.142439e+00))
1             	((1.702350e+01 -6.285875e+00 -1.924738e-02) (1.274685e+01 -7.645842e-03 -1.647061e-04)) ((2.290255e-04 -8.533746e-03 3.178928e+02) (-5.227816e-06 -7.877245e-04 -1.897137e+00))
2             	((1.114174e+01 5.073385e+01 4.426567e-03) (1.302701e+01 2.182353e-01 6.801526e-04)) ((-3.067446e-03 -3.348293e-02 2.000494e+02) (3.940710e-04 -5.370194e-04 -2.668285e+00))
3             	((7.394981e+00 6.505179e+01 -3.219626e-03) (1.308106e+01 2.849944e-01 6.119957e-04)) ((-2.052026e-03 -5.906568e-02 1.248384e+02) (4.838278e-04 -2.792691e-04 -2.967830e+00))
4             	((5.309071e+00 6.694095e+01 3.132945e-03) (1.297506e+01 2.929136e-01 2.480786e-04)) ((-2.199658e-03 -6.083393e-02 8.267537e+01) (3.936002e-04 -1.396713e-03 -3.031832e+00))
5             	((4.036452e+00 6.605237e+01 9.305434e-03) (1.279494e+01 2.852414e-01 -7.068947e-05)) ((-2.479326e-03 -5.229795e-02 5.663664e+01) (2.353369e-04 -2.144201e-03 -2.995546e+00))
6             	((3.233700e+00 6.459966e+01 9.282820e-03) (1.254901e+01 2.809041e-01 -2.650351e-04)) ((-1.305891e-03 -3.603905e-02 4.008037e+01) (7.873829e-05 -2.797110e-03 -2.922740e+00))
7             	((2.737645e+00 6.328417e+01 6.008668e-03) (1.227427e+01 2.802132e-01 -3.090808e-04)) ((6.846697e-04 -1.930907e-02 2.979956e+01) (-2.479423e-05 -2.720312e-03 -2.831592e+00))
8             	((2.446708e+00 6.226489e+01 2.501601e-03) (1.199769e+01 2.823330e-01 -6.755843e-05)) ((2.375456e-03 -5.830797e-03 2.377909e+01) (-7.252475e-05 -2.746752e-03 -2.733241e+00))
9             	((2.283401e+00 6.152522e+01 -1.398675e-03) (1.173602e+01 2.870735e-01 1.351937e-04)) ((3.919012e-03 3.154579e-03 2.044412e+01) (-6.711785e-05 -2.332860e-03 -2.637360e+00))
10            	((2.200433e+00 6.099461e+01 -1.272455e-03) (1.149845e+01 2.937160e-01 3.824033e-04)) ((4.201552e-03 9.224340e-03 1.883616e+01) (-4.003519e-05 -2.214332e-03 -2.548760e+00))
11            	((2.153571e+00 6.054390e+01 -5.497857e-03) (1.128909e+01 3.012358e-01 4.397922e-04)) ((5.413324e-03 1.172438e-02 1.802384e+01) (-1.889561e-05 -2.095244e-03 -2.469934e+00))
12            	((2.143790e+00 6.026292e+01 -1.151404e-02) (1.110835e+01 3.087922e-01 4.699730e-04)) ((6.626741e-03 1.256383e-02 1.800479e+01) (-9.684569e-06 -2.001407e-03 -2.401075e+00))
13            	((2.155352e+00 6.003852e+01 -1.097894e-02) (1.095405e+01 3.161254e-01 3.617969e-04)) ((6.648599e-03 1.262089e-02 1.847313e+01) (1.316005e-06 -1.601937e-03 -2.341841e+00))
14            	((2.167815e+00 5.986597e+01 -1.023142e-02) (1.082280e+01 3.226850e-01 2.618868e-04)) ((6.472030e-03 1.292592e-02 1.898812e+01) (-1.917615e-07 -1.480597e-03 -2.291992e+00))
15            	((2.174426e+00 5.972589e+01 -9.668816e-03) (1.071170e+01 3.282828e-01 1.082939e-04)) ((6.355022e-03 1.338378e-02 1.940395e+01) (-3.680978e-06 -1.177338e-03 -2.250850e+00))
16            	((2.166220e+00 5.960436e+01 -8.798366e-03) (1.061723e+01 3.330122e-01 2.226132e-05)) ((5.855948e-03 1.231272e-02 1.952402e+01) (-1.937329e-05 -1.133319e-03 -2.217247e+00))
17            	((2.155698e+00 5.947314e+01 -8.121654e-03) (1.053627e+01 3.370321e-01 -8.453511e-05)) ((5.436310e-03 1.145276e-02 1.959681e+01) (-3.541161e-05 -9.679433e-04 -2.189844e+00))
18            	((2.145189e+00 5.932358e+01 -7.146527e-03) (1.046674e+01 3.405562e-01 -1.138186e-04)) ((4.801620e-03 1.083161e-02 1.965785e+01) (-5.120951e-05 -1.006204e-03 -2.167453e+00))
19            	((2.123916e+00 5.920496e+01 -6.109615e-03) (1.040705e+01 3.436235e-01 -1.735867e-04)) ((4.414949e-03 9.949700e-03 1.949158e+01) (-6.126044e-05 -8.474360e-04 -2.149457e+00))
20            	((2.090347e+00 5.910673e+01 -4.447108e-03) (1.035116e+01 3.454710e-01 -2.296320e-04)) ((2.144389e-03 7.329045e-03 1.912207e+01) (2.469675e-05 -4.598164e-04 -2.136593e+00))
21            	((2.071913e+00 5.905970e+01 -5.548646e-03) (1.030914e+01 3.465697e-01 8.387186e-05)) ((5.366750e-03 8.788026e-03 1.892979e+01) (-2.264864e-04 -1.781472e-03 -2.128257e+00))
22            	((2.054278e+00 5.903059e+01 -6.495604e-03) (1.027438e+01 3.484708e-01 -3.164579e-04)) ((6.220361e-03 1.009387e-02 1.875747e+01) (1.071724e-05 -8.996544e-05 -2.119322e+00))
23            	((2.060926e+00 5.911040e+01 -4.523694e-03) (1.025186e+01 3.481863e-01 -5.667331e-04)) ((1.008534e-03 4.395960e-03 1.887781e+01) (5.544808e-05 1.075197e-03 -2.118106e+00))
24            	((2.059421e+00 5.916662e+01 -1.772504e-03) (1.022842e+01 3.512031e-01 -2.409869e-04)) ((-4.304132e-03 -3.322801e-03 1.891186e+01) (1.430726e-05 3.144887e-04 -2.108198e+00))
25            	((2.055434e+00 5.920430e+01 -1.294711e-03) (1.021326e+01 3.519286e-01 -2.875701e-04)) ((-4.423749e-03 -5.772930e-03 1.890786e+01) (-1.868850e-04 1.802067e-04 -2.105631e+00))
26            	((2.051399e+00 5.923221e+01 -2.646619e-03) (1.020086e+01 3.531774e-01 -1.518525e-04)) ((-1.167694e-03 -3.849191e-03 1.890000e+01) (-1.208630e-04 -2.083791e-04 -2.101979e+00))
27            	((2.048659e+00 5.925854e+01 -2.610857e-03) (1.019365e+01 3.537295e-01 -1.040311e-05)) ((-1.205973e-03 -4.738235e-03 1.891178e+01) (6.402243e-05 -8.800885e-05 -2.100665e+00))
28            	((2.054841e+00 5.932248e+01 -1.556788e-03) (1.019192e+01 3.532578e-01 -2.568554e-06)) ((-2.626692e-03 -7.670144e-03 1.904167e+01) (-5.921549e-05 -1.157722e-04 -2.102522e+00))
29            	((2.052520e+00 5.934424e+01 -1.250426e-03) (1.018792e+01 3.546254e-01 -2.993728e-04)) ((-2.011353e-03 -8.796824e-03 1.906454e+01) (-1.288584e-04 7.441297e-04 -2.098903e+00))
30            	((2.056275e+00 5.938469e+01 -1.542049e-03) (1.019034e+01 3.534705e-01 2.610718e-04)) ((-9.979840e-05 -8.288880e-03 1.915779e+01) (-1.715504e-06 -7.356931e-04 -2.102621e+00))
31            	((2.053887e+00 5.938165e+01 -1.743614e-03) (1.018917e+01 3.550575e-01 3.282273e-04)) ((7.923336e-04 -7.653303e-03 1.915728e+01) (-5.402449e-05 -8.059458e-04 -2.098192e+00))
32            	((2.056455e+00 5.939086e+01 -1.551425e-03) (1.019500e+01 3.531177e-01 -7.434176e-05)) ((1.300533e-03 -7.181092e-03 1.921907e+01) (-9.753637e-05 4.821167e-04 -2.104178e+00))
33            	((2.057437e+00 5.939097e+01 -1.285136e-03) (1.019732e+01 3.544620e-01 1.863428e-04)) ((1.126018e-03 -7.270115e-03 1.926094e+01) (6.952011e-05 1.503218e-04 -2.100230e+00))
34            	((2.055135e+00 5.936899e+01 -3.619461e-04) (1.020089e+01 3.539611e-01 4.369826e-05)) ((-5.126967e-04 -9.048195e-03 1.923908e+01) (9.946579e-06 6.358366e-04 -2.101514e+00))
35            	((2.058368e+00 5.937835e+01 -8.570000e-05) (1.020718e+01 3.527138e-01 -1.428808e-04)) ((-2.935976e-04 -9.343695e-03 1.929480e+01) (-6.413350e-05 1.128319e-03 -2.104796e+00))
36            	((2.052784e+00 5.934879e+01 -7.226577e-04) (1.020783e+01 3.541949e-01 3.621058e-04)) ((1.393214e-03 -7.554025e-03 1.922861e+01) (-6.082768e-06 -3.778668e-04 -2.099969e+00))
37            	((2.053877e+00 5.934657e+01 -3.172824e-05) (1.021553e+01 3.517348e-01 1.552477e-04)) ((-8.690531e-04 -8.631197e-03 1.923272e+01) (1.375199e-04 7.408750e-04 -2.106642e+00))
38            	((2.062166e+00 5.939311e+01 8.574539e-04) (1.022198e+01 3.505944e-01 -2.000557e-05)) ((-2.337351e-03 -1.044663e-02 1.935874e+01) (-3.213175e-05 9.313701e-04 -2.109231e+00))
39            	((2.060791e+00 5.939581e+01 7.547487e-04) (1.022233e+01 3.522157e-01 1.286640e-07)) ((-2.090794e-03 -1.005696e-02 1.935062e+01) (2.067479e-05 9.028196e-04 -2.103546e+00))
40            	((2.047323e+00 5.933015e+01 7.296047e-04) (1.022179e+01 3.526454e-01 1.321673e-04)) ((-2.012156e-03 -9.734590e-03 1.915005e+01) (1.585848e-05 4.315142e-04 -2.101252e+00))
41            	((2.048943e+00 5.933653e+01 7.699019e-04) (1.023079e+01 3.484255e-01 -4.728701e-05)) ((-2.205325e-03 -9.720448e-03 1.915252e+01) (3.010271e-05 9.846766e-04 -2.112605e+00))
42            	((2.049133e+00 5.934784e+01 4.201994e-04) (1.023088e+01 3.504523e-01 -5.765689e-05)) ((-1.831952e-03 -8.718697e-03 1.915947e+01) (-2.785890e-05 7.782304e-04 -2.105581e+00))
43            	((2.043318e+00 5.932435e+01 8.685552e-04) (1.023253e+01 3.501915e-01 -1.047906e-04)) ((-3.379515e-03 -9.639144e-03 1.906730e+01) (8.221533e-05 1.165522e-03 -2.105336e+00))
44            	((2.035557e+00 5.928892e+01 7.117528e-04) (1.023456e+01 3.493328e-01 1.646770e-04)) ((-1.928571e-03 -9.543998e-03 1.894442e+01) (-9.750762e-05 -8.757549e-05 -2.106917e+00))
45            	((2.034898e+00 5.928513e+01 5.324668e-04) (1.023873e+01 3.479807e-01 3.252687e-05)) ((-1.870403e-03 -9.157806e-03 1.891440e+01) (9.132324e-05 6.997548e-04 -2.110023e+00))
46            	((2.038779e+00 5.930909e+01 6.910880e-04) (1.024213e+01 3.476115e-01 7.089521e-05)) ((-2.427598e-03 -9.527536e-03 1.896089e+01) (-3.813781e-06 3.676142e-04 -2.110330e+00))
47            	((2.038447e+00 5.931367e+01 8.020006e-04) (1.024296e+01 3.480083e-01 -2.464935e-04)) ((-3.116071e-03 -9.877381e-03 1.895282e+01) (2.713435e-05 1.366333e-03 -2.108490e+00))
48            	((2.031880e+00 5.928281e+01 7.125978e-04) (1.024362e+01 3.480951e-01 -1.184990e-04)) ((-2.418660e-03 -9.782775e-03 1.885200e+01) (-7.868388e-05 6.596660e-04 -2.107610e+00))
49            	((2.034631e+00 5.929435e+01 3.398362e-04) (1.024951e+01 3.457262e-01 7.817847e-05)) ((-1.941161e-03 -9.148726e-03 1.887746e+01) (3.112357e-05 3.025269e-04 -2.114078e+00))
50            	((2.032337e+00 5.928719e+01 1.035579e-04) (1.024804e+01 3.475355e-01 3.357641e-05)) ((-1.789493e-03 -8.654417e-03 1.884787e+01) (-9.737279e-06 3.503094e-04 -2.108293e+00))
51            	((2.027317e+00 5.925995e+01 3.979279e-04) (1.024941e+01 3.468053e-01 -2.608054e-04)) ((-2.820288e-03 -9.359437e-03 1.876448e+01) (4.701431e-05 1.390675e-03 -2.110035e+00))
52            	((2.027094e+00 5.925856e+01 4.551031e-04) (1.025351e+01 3.451351e-01 4.810312e-06)) ((-1.695430e-03 -9.811681e-03 1.875478e+01) (-2.498976e-05 3.531012e-04 -2.114606e+00))
53            	((2.028426e+00 5.926627e+01 -7.163845e-05) (1.025429e+01 3.457675e-01 3.174223e-04)) ((4.828644e-05 -8.784389e-03 1.876894e+01) (9.090491e-06 -4.584925e-04 -2.112431e+00))
54            	((2.025891e+00 5.925605e+01 -1.359584e-03) (1.025477e+01 3.459404e-01 1.632572e-04)) ((2.790101e-03 -5.644957e-03 1.872982e+01) (-1.125494e-04 -3.075616e-04 -2.111655e+00))
55            	((2.022595e+00 5.924032e+01 -1.998071e-03) (1.025605e+01 3.453722e-01 1.873313e-04)) ((3.112443e-03 -4.040173e-03 1.867749e+01) (9.711909e-05 -1.796675e-05 -2.113073e+00))
56            	((2.019476e+00 5.922500e+01 -5.685931e-04) (1.025646e+01 3.453634e-01 8.323145e-06)) ((-4.327096e-04 -7.386403e-03 1.862716e+01) (7.428398e-05 6.564868e-04 -2.112861e+00))
57            	((2.021007e+00 5.923070e+01 -9.582906e-04) (1.025954e+01 3.448987e-01 -4.868138e-05)) ((1.931034e-03 -6.746599e-03 1.863661e+01) (-1.832952e-04 2.375445e-04 -2.114020e+00))
58            	((2.023868e+00 5.924552e+01 -2.610584e-03) (1.026068e+01 3.444310e-01 2.145041e-04)) ((5.251008e-03 -2.895731e-03 1.867010e+01) (-4.204734e-05 -4.775963e-04 -2.115207e+00))
59            	((2.021672e+00 5.923705e+01 -3.172904e-03) (1.025995e+01 3.451561e-01 3.296168e-04)) ((5.329143e-03 -1.438391e-03 1.863782e+01) (3.959007e-05 -5.404972e-04 -2.112890e+00))
60            	((2.027517e+00 5.926603e+01 -2.632220e-03) (1.026436e+01 3.433293e-01 -2.059903e-05)) ((3.630289e-03 -2.688857e-03 1.871160e+01) (1.475534e-05 4.985108e-04 -2.118100e+00))
61            	((2.026899e+00 5.926986e+01 -1.572157e-03) (1.026203e+01 3.450458e-01 -1.467593e-04)) ((1.483659e-03 -4.921781e-03 1.870934e+01) (5.298549e-06 9.614699e-04 -2.112890e+00))
62            	((2.018589e+00 5.923017e+01 -9.194331e-04) (1.026109e+01 3.448927e-01 -5.938673e-05)) ((2.685012e-04 -6.441049e-03 1.858978e+01) (-6.221375e-05 5.808772e-04 -2.113177e+00))
63            	((2.014361e+00 5.920715e+01 -8.993797e-04) (1.026242e+01 3.440048e-01 1.723928e-04)) ((4.379811e-04 -6.414407e-03 1.852044e+01) (2.156925e-05 -3.663652e-05 -2.115632e+00))
64            	((2.005797e+00 5.916363e+01 -9.244158e-04) (1.026046e+01 3.450879e-01 1.413034e-04)) ((3.343318e-04 -6.323651e-03 1.839453e+01) (-1.188714e-05 1.805970e-06 -2.112286e+00))
65            	((2.006391e+00 5.916149e+01 5.341422e-04) (1.026315e+01 3.434719e-01 -9.304655e-05)) ((-3.035303e-03 -9.485198e-03 1.838486e+01) (7.581793e-05 1.053630e-03 -2.116881e+00))
66            	((2.014153e+00 5.919957e+01 -1.906258e-04) (1.026589e+01 3.432865e-01 1.747007e-04)) ((1.452577e-04 -8.105590e-03 1.848450e+01) (-1.771206e-04 -4.651631e-04 -2.117280e+00))
67            	((2.021308e+00 5.923996e+01 -2.168750e-03) (1.026654e+01 3.431885e-01 3.131143e-04)) ((3.858205e-03 -3.366371e-03 1.858649e+01) (-4.007830e-05 -6.956065e-04 -2.117438e+00))
68            	((2.026855e+00 5.927392e+01 -2.182595e-03) (1.026760e+01 3.433324e-01 5.591607e-05)) ((2.689325e-03 -3.169517e-03 1.866938e+01) (4.763182e-05 3.180955e-04 -2.116881e+00))
69            	((2.021403e+00 5.925234e+01 -1.327697e-03) (1.026507e+01 3.441515e-01 4.795483e-05)) ((6.201141e-04 -5.109866e-03 1.859892e+01) (1.830731e-07 4.061733e-04 -2.114339e+00))
70            	((2.020657e+00 5.924844e+01 -1.459105e-03) (1.026700e+01 3.430104e-01 6.383888e-05)) ((1.238814e-03 -4.838129e-03 1.858283e+01) (-8.389610e-05 1.089435e-04 -2.117557e+00))
71            	((2.013416e+00 5.921272e+01 -2.161927e-03) (1.026378e+01 3.443322e-01 6.658928e-05)) ((2.493378e-03 -3.223689e-03 1.847853e+01) (-3.158259e-05 1.429233e-04 -2.113537e+00))
72            	((2.015121e+00 5.921517e+01 -1.990635e-03) (1.026674e+01 3.427620e-01 2.304281e-04)) ((1.769973e-03 -3.629012e-03 1.848456e+01) (4.643987e-05 -1.977812e-04 -2.118007e+00))
73            	((2.011540e+00 5.919924e+01 -1.268030e-03) (1.026459e+01 3.435957e-01 1.099179e-04)) ((2.197658e-04 -5.313522e-03 1.843603e+01) (1.818055e-05 2.345603e-04 -2.115436e+00))
74            	((2.010024e+00 5.919013e+01 -2.008058e-03) (1.026576e+01 3.431748e-01 1.676816e-04)) ((2.238444e-03 -3.734796e-03 1.840835e+01) (-1.478799e-04 -3.120207e-04 -2.116549e+00))
75            	((2.008706e+00 5.918380e+01 -3.290720e-03) (1.026557e+01 3.428405e-01 2.559212e-04)) ((4.632860e-03 -7.647028e-04 1.838788e+01) (3.430444e-05 -4.260027e-04 -2.117417e+00))
76            	((2.004874e+00 5.916373e+01 -2.886254e-03) (1.026389e+01 3.438541e-01 3.115374e-04)) ((3.081371e-03 -1.682460e-03 1.833028e+01) (4.373135e-05 -4.335185e-04 -2.114309e+00))
77            	((2.007573e+00 5.917376e+01 -3.037691e-03) (1.026615e+01 3.425254e-01 9.132150e-05)) ((3.674763e-03 -1.449527e-03 1.835777e+01) (-8.553900e-05 7.898251e-06 -2.118108e+00))
78            	((2.012191e+00 5.919769e+01 -2.418450e-03) (1.026633e+01 3.429384e-01 4.714405e-05)) ((1.792297e-03 -2.804946e-03 1.842144e+01) (6.412576e-05 4.464122e-04 -2.116792e+00))
79            	((2.014203e+00 5.920911e+01 -8.019873e-04) (1.026569e+01 3.430191e-01 -1.104749e-04)) ((-1.636940e-03 -6.571958e-03 1.844858e+01) (5.126774e-05 1.025444e-03 -2.116454e+00))
80            	((2.015844e+00 5.921988e+01 -2.570251e-04) (1.026632e+01 3.427173e-01 -6.588607e-05)) ((-1.854763e-03 -7.955336e-03 1.847401e+01) (-1.121051e-04 5.402035e-04 -2.117247e+00))
81            	((2.009099e+00 5.918919e+01 -9.765582e-04) (1.026306e+01 3.438674e-01 1.060695e-04)) ((9.160900e-05 -6.343156e-03 1.838444e+01) (-2.407542e-05 5.594163e-05 -2.113768e+00))
82            	((2.014870e+00 5.921277e+01 -8.813110e-04) (1.026695e+01 3.420771e-01 1.932654e-04)) ((-4.013589e-04 -6.519049e-03 1.845061e+01) (3.786235e-05 -7.667791e-05 -2.118930e+00))
83            	((2.013919e+00 5.921104e+01 -5.103772e-04) (1.026441e+01 3.433428e-01 1.602776e-04)) ((-1.127330e-03 -7.326586e-03 1.844263e+01) (1.000975e-05 4.971399e-05 -2.115129e+00))
84            	((2.016066e+00 5.922119e+01 -6.709421e-04) (1.026614e+01 3.422229e-01 1.122864e-04)) ((-6.019431e-04 -7.018070e-03 1.846930e+01) (-6.354968e-05 1.217885e-05 -2.118341e+00))
85            	((2.013246e+00 5.920902e+01 -1.055405e-03) (1.026331e+01 3.435918e-01 1.374925e-05)) ((2.690402e-04 -6.118591e-03 1.843245e+01) (-1.193552e-05 3.714285e-04 -2.114236e+00))
86            	((2.007878e+00 5.918066e+01 -3.348603e-04) (1.026271e+01 3.432630e-01 4.124532e-05)) ((-1.424099e-03 -7.810061e-03 1.835333e+01) (7.410973e-05 4.873389e-04 -2.115118e+00))
87            	((2.009389e+00 5.918431e+01 -1.073942e-04) (1.026408e+01 3.423171e-01 1.584838e-04)) ((-1.349546e-03 -8.375917e-03 1.836524e+01) (-8.324490e-05 -6.605289e-05 -2.117821e+00))
88            	((2.007640e+00 5.917636e+01 -6.287317e-04) (1.026183e+01 3.433464e-01 3.205881e-05)) ((-4.152590e-04 -7.127381e-03 1.834208e+01) (-1.874524e-05 3.066471e-04 -2.114720e+00))
89            	((2.002427e+00 5.914869e+01 -6.984705e-04) (1.026035e+01 3.435379e-01 -1.414771e-05)) ((-7.330869e-04 -6.900642e-03 1.826472e+01) (4.431262e-05 5.826137e-04 -2.114078e+00))
90            	((2.000859e+00 5.913840e+01 -7.238063e-04) (1.026122e+01 3.425894e-01 3.227752e-06)) ((-5.903341e-04 -6.862180e-03 1.823735e+01) (-5.532761e-05 3.520761e-04 -2.116797e+00))
91            	((1.996135e+00 5.911571e+01 -1.283555e-03) (1.025857e+01 3.436360e-01 1.344214e-04)) ((8.080305e-04 -5.610696e-03 1.817361e+01) (-6.069430e-06 -3.494169e-05 -2.113647e+00))
92            	((2.003850e+00 5.915332e+01 -6.742020e-04) (1.026284e+01 3.417897e-01 2.230841e-04)) ((-8.133756e-04 -6.914485e-03 1.827803e+01) (8.717763e-05 -5.252999e-05 -2.119006e+00))
93            	((2.006348e+00 5.917013e+01 4.078506e-04) (1.026021e+01 3.434582e-01 1.390530e-05)) ((-2.881225e-03 -9.450006e-03 1.832056e+01) (3.411986e-05 5.990130e-04 -2.114043e+00))
94            	((2.011240e+00 5.919476e+01 1.098707e-03) (1.026215e+01 3.422410e-01 -6.672762e-05)) ((-3.963986e-03 -1.112860e-02 1.838671e+01) (-2.132655e-05 7.408749e-04 -2.117559e+00))
95            	((2.010804e+00 5.919573e+01 1.436551e-03) (1.025955e+01 3.435566e-01 -1.516465e-04)) ((-4.150661e-03 -1.192274e-02 1.838561e+01) (1.388066e-05 1.044409e-03 -2.113629e+00))
96            	((2.011874e+00 5.920066e+01 2.204958e-03) (1.026084e+01 3.424669e-01 -4.420906e-05)) ((-5.536911e-03 -1.372440e-02 1.839864e+01) (6.514720e-05 8.293975e-04 -2.116775e+00))
97            	((2.010929e+00 5.919651e+01 2.582440e-03) (1.025898e+01 3.432676e-01 -7.943106e-05)) ((-5.972222e-03 -1.458095e-02 1.838661e+01) (-2.120836e-05 8.470254e-04 -2.114362e+00))
98            	((2.004285e+00 5.916050e+01 2.304486e-03) (1.025645e+01 3.440219e-01 -4.905457e-05)) ((-5.323315e-03 -1.394089e-02 1.828842e+01) (1.026477e-05 6.966416e-04 -2.112073e+00))
99            	((2.004481e+00 5.915670e+01 3.189949e-03) (1.025841e+01 3.421889e-01 -1.092399e-04)) ((-7.399239e-03 -1.592121e-02 1.828191e+01) (1.033011e-04 1.169084e-03 -2.117401e+00))
100           	((2.013155e+00 5.920087e+01 3.183624e-03) (1.026001e+01 3.420715e-01 -7.561527e-05)) ((-6.657552e-03 -1.600351e-02 1.840477e+01) (-7.302127e-05 6.844252e-04 -2.117690e+00))
101           	((2.014375e+00 5.921045e+01 1.995658e-03) (1.025750e+01 3.435737e-01 -8.154440e-05)) ((-4.349463e-03 -1.320240e-02 1.842766e+01) (-1.204908e-05 7.247508e-04 -2.113221e+00))
102           	((2.011822e+00 5.919687e+01 1.601247e-03) (1.025678e+01 3.434470e-01 1.604532e-06)) ((-4.153848e-03 -1.225163e-02 1.838954e+01) (7.325346e-05 5.901474e-04 -2.113535e+00))
103           	((2.002873e+00 5.915043e+01 1.799822e-03) (1.025361e+01 3.441028e-01 -9.980926e-06)) ((-4.734367e-03 -1.272285e-02 1.826271e+01) (1.943229e-05 6.351452e-04 -2.111547e+00))
104           	((2.012998e+00 5.919574e+01 1.091503e-03) (1.025905e+01 3.415956e-01 -1.455123e-05)) ((-2.986539e-03 -1.115935e-02 1.839205e+01) (-6.408642e-05 3.871353e-04 -2.118859e+00))
105           	((2.017620e+00 5.922503e+01 -1.792587e-04) (1.025686e+01 3.430752e-01 3.691422e-05)) ((-6.249882e-04 -8.158276e-03 1.846897e+01) (-3.009261e-05 2.488650e-04 -2.114468e+00))
106           	((2.018138e+00 5.923064e+01 -3.177044e-04) (1.025659e+01 3.430399e-01 1.740319e-05)) ((-1.065715e-03 -7.783617e-03 1.848125e+01) (6.441372e-05 4.738660e-04 -2.114527e+00))
107           	((2.013520e+00 5.920766e+01 9.234906e-05) (1.025397e+01 3.439646e-01 7.610258e-05)) ((-1.946757e-03 -8.767356e-03 1.841659e+01) (1.267841e-05 3.044223e-04 -2.111755e+00))
108           	((2.007355e+00 5.917376e+01 -1.509098e-04) (1.025309e+01 3.435947e-01 3.524902e-05)) ((-1.256937e-03 -8.258650e-03 1.832506e+01) (-6.890048e-05 2.397684e-04 -2.112785e+00))
109           	((2.010421e+00 5.918673e+01 -6.841424e-04) (1.025530e+01 3.420291e-01 -1.724495e-05)) ((-2.311941e-04 -7.030821e-03 1.836385e+01) (3.244710e-05 5.089309e-04 -2.117341e+00))
110           	((2.011137e+00 5.919165e+01 -8.021058e-04) (1.025278e+01 3.437657e-01 1.122006e-04)) ((-2.212076e-04 -6.736212e-03 1.837687e+01) (-1.521728e-05 7.443270e-05 -2.112185e+00))
111           	((2.007363e+00 5.917309e+01 -1.671810e-03) (1.025189e+01 3.434963e-01 1.491859e-04)) ((1.539025e-03 -4.706065e-03 1.832492e+01) (-8.414682e-05 -1.809136e-04 -2.112934e+00))
112           	((2.005808e+00 5.916352e+01 -1.782823e-03) (1.025172e+01 3.434282e-01 1.823741e-04)) ((1.045169e-03 -4.391652e-03 1.830000e+01) (6.078261e-05 -3.578433e-05 -2.113086e+00))
113           	((2.010269e+00 5.918261e+01 -5.821533e-04) (1.025270e+01 3.428720e-01 1.883985e-04)) ((-1.430905e-03 -7.202266e-03 1.835474e+01) (4.606453e-05 6.367440e-05 -2.114675e+00))
114           	((2.013398e+00 5.920121e+01 1.364469e-04) (1.025250e+01 3.429211e-01 5.897547e-05)) ((-2.028891e-03 -8.970651e-03 1.840394e+01) (-6.045685e-05 2.488875e-04 -2.114498e+00))
115           	((2.010640e+00 5.919032e+01 -6.440007e-05) (1.025001e+01 3.440438e-01 -3.291331e-05)) ((-1.109522e-03 -8.535811e-03 1.837102e+01) (-3.615283e-06 5.594653e-04 -2.111154e+00))
116           	((2.009913e+00 5.918434e+01 9.459587e-04) (1.025055e+01 3.435291e-01 -8.032530e-05)) ((-3.444358e-03 -1.083349e-02 1.835550e+01) (9.000694e-05 9.395106e-04 -2.112627e+00))
117           	((2.012035e+00 5.919426e+01 1.374688e-03) (1.025140e+01 3.427743e-01 6.574426e-07)) ((-3.684263e-03 -1.190444e-02 1.838461e+01) (-5.731553e-05 4.937869e-04 -2.114817e+00))
118           	((2.012808e+00 5.919982e+01 1.228922e-03) (1.025001e+01 3.434853e-01 -2.031379e-05)) ((-3.239640e-03 -1.154491e-02 1.839980e+01) (1.658020e-05 5.872081e-04 -2.112688e+00))
119           	((2.008608e+00 5.917807e+01 1.103684e-03) (1.024782e+01 3.443176e-01 -4.032956e-05)) ((-2.905912e-03 -1.124986e-02 1.833975e+01) (2.116686e-05 6.668608e-04 -2.110201e+00))
120           	((2.006453e+00 5.916480e+01 1.650860e-03) (1.024873e+01 3.432474e-01 -5.672821e-05)) ((-4.173392e-03 -1.249521e-02 1.830565e+01) (3.388662e-05 8.003406e-04 -2.113314e+00))
121           	((2.011638e+00 5.918979e+01 1.661234e-03) (1.024985e+01 3.427816e-01 -6.575678e-05)) ((-3.939439e-03 -1.251543e-02 1.837698e+01) (-4.979710e-06 7.420694e-04 -2.114651e+00))
122           	((2.012010e+00 5.919316e+01 1.323738e-03) (1.024772e+01 3.440775e-01 -3.708435e-05)) ((-3.509446e-03 -1.167134e-02 1.838500e+01) (-5.872998e-06 6.082196e-04 -2.110809e+00))
123           	((2.010206e+00 5.918516e+01 6.726563e-04) (1.024797e+01 3.432626e-01 1.645232e-05)) ((-2.398222e-03 -1.012883e-02 1.836278e+01) (-1.891933e-05 4.177940e-04 -2.113180e+00))
124           	((2.011661e+00 5.919205e+01 4.198511e-04) (1.024775e+01 3.435656e-01 -8.112416e-05)) ((-2.268632e-03 -9.515059e-03 1.838260e+01) (2.556872e-05 7.399028e-04 -2.112256e+00))
125           	((2.007031e+00 5.916976e+01 4.531303e-04) (1.024531e+01 3.443371e-01 -1.831680e-06)) ((-2.278105e-03 -9.617234e-03 1.832043e+01) (1.286225e-05 5.160568e-04 -2.109960e+00))
126           	((2.013949e+00 5.920190e+01 5.803973e-04) (1.024965e+01 3.421761e-01 6.547445e-05)) ((-2.521381e-03 -9.918245e-03 1.841178e+01) (-8.942280e-06 2.927771e-04 -2.116292e+00))
127           	((2.016659e+00 5.921984e+01 4.220419e-04) (1.024704e+01 3.439485e-01 6.287598e-05)) ((-2.204869e-03 -9.537089e-03 1.845925e+01) (5.424296e-06 3.288412e-04 -2.111061e+00))
128           	((2.015855e+00 5.921611e+01 5.930261e-04) (1.024678e+01 3.437305e-01 -8.207720e-06)) ((-2.702023e-03 -9.942116e-03 1.844787e+01) (2.980181e-05 5.620846e-04 -2.111677e+00))
129           	((2.012481e+00 5.919937e+01 4.898750e-04) (1.024559e+01 3.438940e-01 -5.184660e-06)) ((-2.225372e-03 -9.743388e-03 1.840181e+01) (-4.069986e-05 4.629448e-04 -2.111177e+00))
130           	((2.010702e+00 5.918972e+01 1.137280e-03) (1.024573e+01 3.436570e-01 -3.688036e-05)) ((-3.744645e-03 -1.120570e-02 1.837721e+01) (7.211291e-05 7.764828e-04 -2.111848e+00))
131           	((2.012705e+00 5.920008e+01 1.409355e-03) (1.024651e+01 3.430638e-01 4.069685e-05)) ((-4.052399e-03 -1.185364e-02 1.840745e+01) (-3.178138e-05 4.192981e-04 -2.113574e+00))
132           	((2.011351e+00 5.919461e+01 1.218110e-03) (1.024462e+01 3.440765e-01 -7.889844e-06)) ((-3.732779e-03 -1.139830e-02 1.839165e+01) (5.869359e-06 5.404669e-04 -2.110576e+00))
133           	((2.008197e+00 5.917846e+01 4.024428e-04) (1.024438e+01 3.437262e-01 -3.509453e-05)) ((-2.031957e-03 -9.522946e-03 1.834753e+01) (-5.594337e-05 4.851173e-04 -2.111589e+00))
134           	((2.007224e+00 5.917275e+01 3.145691e-04) (1.024432e+01 3.437308e-01 5.612505e-05)) ((-2.295974e-03 -9.304434e-03 1.833345e+01) (7.758105e-05 4.262148e-04 -2.111553e+00))
135           	((2.013335e+00 5.920138e+01 1.032749e-03) (1.024621e+01 3.429324e-01 6.083287e-05)) ((-3.649397e-03 -1.098380e-02 1.841400e+01) (3.204773e-05 4.391869e-04 -2.113886e+00))
136           	((2.015212e+00 5.921414e+01 1.415707e-03) (1.024476e+01 3.437725e-01 -4.949578e-05)) ((-4.026880e-03 -1.187820e-02 1.844663e+01) (-3.187888e-05 6.444733e-04 -2.111406e+00))
137           	((2.010949e+00 5.919493e+01 1.289919e-03) (1.024296e+01 3.443082e-01 -5.988487e-05)) ((-3.352286e-03 -1.166103e-02 1.839160e+01) (3.939588e-05 7.271307e-04 -2.109814e+00))
138           	((2.009030e+00 5.918529e+01 2.190840e-03) (1.024402e+01 3.432379e-01 -5.936553e-05)) ((-5.257280e-03 -1.375207e-02 1.836635e+01) (5.699334e-05 8.801227e-04 -2.112950e+00))
139           	((2.008982e+00 5.918548e+01 2.479307e-03) (1.024347e+01 3.436738e-01 -6.883078e-05)) ((-5.487309e-03 -1.441746e-02 1.836836e+01) (-4.105231e-05 7.744956e-04 -2.111656e+00))
140           	((2.009289e+00 5.918541e+01 2.381426e-03) (1.024312e+01 3.440006e-01 -7.392901e-05)) ((-5.299332e-03 -1.418385e-02 1.836920e+01) (3.193051e-05 7.951850e-04 -2.110675e+00))
141           	((2.003928e+00 5.915680e+01 2.376118e-03) (1.024058e+01 3.447421e-01 -1.030482e-04)) ((-5.161525e-03 -1.419590e-02 1.829077e+01) (2.278476e-05 9.051339e-04 -2.108486e+00))
142           	((2.013795e+00 5.920155e+01 2.069315e-03) (1.024604e+01 3.424057e-01 -2.861936e-05)) ((-4.436772e-03 -1.349642e-02 1.841834e+01) (-1.077114e-05 5.825565e-04 -2.115345e+00))
143           	((2.018954e+00 5.923357e+01 1.276756e-03) (1.024426e+01 3.436534e-01 1.827432e-05)) ((-3.095279e-03 -1.158994e-02 1.850429e+01) (4.909384e-06 4.400187e-04 -2.111678e+00))
144           	((2.015837e+00 5.921984e+01 5.824469e-04) (1.024225e+01 3.446369e-01 6.995722e-05)) ((-2.210625e-03 -9.947610e-03 1.846367e+01) (-8.138574e-07 2.353364e-04 -2.108773e+00))
145           	((2.008017e+00 5.917961e+01 1.170991e-06) (1.024093e+01 3.442073e-01 -2.024518e-05)) ((-1.192812e-03 -8.637616e-03 1.835299e+01) (3.074942e-05 5.241705e-04 -2.110029e+00))
146           	((2.011864e+00 5.919555e+01 3.057965e-04) (1.024389e+01 3.431947e-01 5.279712e-05)) ((-1.988602e-03 -9.357628e-03 1.840131e+01) (3.290221e-05 3.727520e-04 -2.112994e+00))
147           	((2.015962e+00 5.921610e+01 2.507401e-04) (1.024348e+01 3.436133e-01 -3.277290e-06)) ((-1.718344e-03 -9.252931e-03 1.845890e+01) (-1.508775e-05 4.879567e-04 -2.111761e+00))
148           	((2.020730e+00 5.924025e+01 4.892236e-04) (1.024409e+01 3.435081e-01 -1.234756e-05)) ((-2.313095e-03 -9.776285e-03 1.852479e+01) (3.031401e-05 5.804997e-04 -2.112064e+00))
149           	((2.018874e+00 5.923457e+01 7.040736e-04) (1.024278e+01 3.438439e-01 -2.095530e-05)) ((-2.638276e-03 -1.023950e-02 1.850626e+01) (-2.987925e-05 5.682340e-04 -2.111079e+00))
150           	((2.016540e+00 5.922336e+01 1.387455e-03) (1.024241e+01 3.439883e-01 -8.631588e-05)) ((-3.947432e-03 -1.184957e-02 1.847497e+01) (8.213077e-05 9.200631e-04 -2.110645e+00))
151           	((2.010460e+00 5.919278e+01 2.092942e-03) (1.024075e+01 3.442040e-01 -9.733177e-05)) ((-5.072178e-03 -1.349339e-02 1.839174e+01) (-2.646800e-05 8.864734e-04 -2.110006e+00))
152           	((2.010861e+00 5.919202e+01 1.602878e-03) (1.024183e+01 3.437387e-01 -2.170576e-05)) ((-3.972077e-03 -1.234346e-02 1.839224e+01) (-4.490119e-05 5.127171e-04 -2.111357e+00))
153           	((2.009593e+00 5.918571e+01 1.137643e-03) (1.024111e+01 3.439461e-01 -2.084511e-05)) ((-3.447369e-03 -1.119250e-02 1.837515e+01) (6.108323e-05 6.576298e-04 -2.110750e+00))
154           	((2.012147e+00 5.919900e+01 7.028533e-04) (1.024260e+01 3.432326e-01 -3.127258e-05)) ((-2.708665e-03 -1.022156e-02 1.841195e+01) (-3.879009e-05 4.972131e-04 -2.112847e+00))
155           	((2.010592e+00 5.919196e+01 -3.534680e-05) (1.024012e+01 3.447611e-01 3.902346e-05)) ((-1.307483e-03 -8.494955e-03 1.839086e+01) (-6.953324e-06 3.076676e-04 -2.108346e+00))
156           	((2.008225e+00 5.917862e+01 1.597901e-04) (1.024066e+01 3.440113e-01 9.850303e-05)) ((-2.077180e-03 -8.928458e-03 1.835470e+01) (6.100056e-05 2.693632e-04 -2.110546e+00))
157           	((2.004869e+00 5.916092e+01 8.142129e-05) (1.023954e+01 3.442648e-01 1.323455e-05)) ((-1.689664e-03 -8.804206e-03 1.830717e+01) (-4.830296e-05 3.820143e-04 -2.109795e+00))
158           	((2.010812e+00 5.918837e+01 2.902608e-04) (1.024218e+01 3.433296e-01 1.150846e-04)) ((-2.154360e-03 -9.272002e-03 1.838488e+01) (1.394419e-05 1.723589e-04 -2.112537e+00))
159           	((2.011443e+00 5.919283e+01 6.715477e-04) (1.024020e+01 3.446115e-01 -4.695302e-05)) ((-2.624752e-03 -1.016235e-02 1.839518e+01) (1.561997e-05 6.892036e-04 -2.108771e+00))
160           	((2.012616e+00 5.919881e+01 7.567541e-04) (1.024174e+01 3.435426e-01 -5.318147e-05)) ((-2.363548e-03 -1.045144e-02 1.841179e+01) (6.953851e-06 6.218281e-04 -2.111919e+00))
161           	((2.015197e+00 5.921214e+01 3.810614e-04) (1.024130e+01 3.440260e-01 3.526480e-05)) ((-1.442548e-03 -9.582647e-03 1.844859e+01) (-2.832410e-05 3.300031e-04 -2.110492e+00))
162           	((2.011805e+00 5.919571e+01 -3.372806e-04) (1.023944e+01 3.448060e-01 1.349487e-04)) ((-2.248950e-04 -7.882897e-03 1.840241e+01) (-1.473679e-05 -1.729092e-05 -2.108194e+00))
163           	((2.012836e+00 5.919953e+01 -2.348540e-04) (1.024184e+01 3.431219e-01 4.074063e-05)) ((-1.063959e-03 -8.019777e-03 1.841512e+01) (4.491661e-05 4.505627e-04 -2.113151e+00))
164           	((2.012208e+00 5.919706e+01 3.892134e-04) (1.023966e+01 3.447490e-01 5.793097e-05)) ((-2.281645e-03 -9.510740e-03 1.840836e+01) (1.158870e-05 3.509302e-04 -2.108360e+00))
165           	((2.009842e+00 5.918377e+01 2.891784e-04) (1.024013e+01 3.439342e-01 -1.911580e-05)) ((-1.785695e-03 -9.280942e-03 1.837274e+01) (-8.466254e-05 4.582842e-04 -2.110757e+00))
166           	((2.008143e+00 5.917344e+01 -2.846575e-05) (1.023922e+01 3.444893e-01 4.914545e-05)) ((-1.326704e-03 -8.533022e-03 1.834605e+01) (3.992420e-05 3.455089e-04 -2.109116e+00))
167           	((2.007536e+00 5.916821e+01 3.944400e-04) (1.023935e+01 3.442898e-01 1.410001e-05)) ((-2.348890e-03 -9.509261e-03 1.833323e+01) (3.681361e-05 5.455546e-04 -2.109698e+00))
168           	((2.007922e+00 5.916980e+01 1.457578e-04) (1.023990e+01 3.439212e-01 -4.041188e-05)) ((-1.343598e-03 -9.014743e-03 1.833868e+01) (-8.411164e-05 4.272791e-04 -2.110788e+00))
169           	((2.013433e+00 5.919863e+01 -1.283595e-04) (1.024153e+01 3.435361e-01 -6.692550e-06)) ((-1.045571e-03 -8.304915e-03 1.841834e+01) (4.309781e-05 5.538477e-04 -2.111920e+00))
170           	((2.012527e+00 5.919668e+01 -1.030140e-05) (1.023935e+01 3.448689e-01 1.606373e-04)) ((-1.414656e-03 -8.606087e-03 1.841066e+01) (8.834717e-06 2.637332e-06 -2.108001e+00))
171           	((2.012108e+00 5.919359e+01 5.356723e-04) (1.024019e+01 3.440177e-01 -2.058852e-05)) ((-2.718956e-03 -9.814973e-03 1.840206e+01) (1.698908e-05 6.579473e-04 -2.110500e+00))
172           	((2.013367e+00 5.920192e+01 1.746615e-04) (1.024079e+01 3.439449e-01 -5.670762e-05)) ((-1.477446e-03 -9.037574e-03 1.842474e+01) (-8.386290e-05 4.672680e-04 -2.110718e+00))
173           	((2.020240e+00 5.923726e+01 -2.742973e-04) (1.024313e+01 3.431517e-01 7.796670e-06)) ((-8.112880e-04 -7.944013e-03 1.852190e+01) (3.308018e-05 4.791152e-04 -2.113056e+00))
174           	((2.020356e+00 5.924115e+01 -3.869172e-04) (1.024096e+01 3.445271e-01 1.616011e-04)) ((-8.514644e-04 -7.676337e-03 1.853008e+01) (-2.630789e-06 -4.061300e-05 -2.109013e+00))
175           	((2.014354e+00 5.921209e+01 -2.011017e-04) (1.024002e+01 3.441643e-01 1.999484e-05)) ((-1.616655e-03 -8.041192e-03 1.844936e+01) (3.883341e-06 4.702699e-04 -2.110080e+00))
176           	((2.014853e+00 5.921272e+01 -1.137327e-03) (1.024137e+01 3.437231e-01 1.400853e-04)) ((5.778770e-04 -5.982908e-03 1.845358e+01) (-7.678532e-05 -1.872270e-04 -2.111370e+00))
177           	((2.012062e+00 5.919997e+01 -1.762282e-03) (1.024029e+01 3.441402e-01 9.128512e-05)) ((1.436864e-03 -4.497644e-03 1.841853e+01) (3.906101e-05 1.701775e-04 -2.110148e+00))
178           	((2.016245e+00 5.921793e+01 -2.152223e-03) (1.024204e+01 3.434085e-01 8.380515e-05)) ((1.989888e-03 -3.624541e-03 1.846987e+01) (-2.771612e-05 6.872748e-05 -2.112291e+00))
179           	((2.015232e+00 5.921351e+01 -2.554414e-03) (1.023997e+01 3.446221e-01 1.355606e-04)) ((2.485957e-03 -2.634295e-03 1.845610e+01) (-2.990557e-05 -5.873581e-05 -2.108725e+00))
180           	((2.015481e+00 5.921463e+01 -2.625502e-03) (1.024168e+01 3.435423e-01 2.410238e-04)) ((2.155748e-03 -2.412161e-03 1.845940e+01) (-1.933235e-05 -3.423475e-04 -2.111906e+00))
181           	((2.017513e+00 5.922478e+01 -2.203851e-03) (1.024124e+01 3.439918e-01 8.702474e-05)) ((1.140525e-03 -3.385125e-03 1.848726e+01) (1.823694e-05 2.217355e-04 -2.110581e+00))
182           	((2.013289e+00 5.920449e+01 -1.266845e-03) (1.023921e+01 3.448115e-01 1.654740e-05)) ((-4.985228e-04 -5.614675e-03 1.842971e+01) (7.867878e-07 4.314956e-04 -2.108166e+00))
183           	((2.014452e+00 5.920888e+01 -1.252817e-03) (1.024174e+01 3.431120e-01 8.788067e-05)) ((2.641866e-04 -5.749687e-03 1.844302e+01) (-5.791738e-05 9.335529e-05 -2.113168e+00))
184           	((2.013690e+00 5.920673e+01 -1.728975e-03) (1.023957e+01 3.446969e-01 9.146340e-05)) ((1.210514e-03 -4.603717e-03 1.843583e+01) (-3.106991e-05 6.819518e-05 -2.108504e+00))
185           	((2.009566e+00 5.918564e+01 -1.699385e-03) (1.023951e+01 3.440785e-01 1.390440e-04)) ((7.912807e-04 -4.641767e-03 1.837747e+01) (7.642601e-05 1.255038e-04 -2.110326e+00))
186           	((2.007582e+00 5.917394e+01 -1.267388e-03) (1.023912e+01 3.443146e-01 1.417689e-04)) ((4.302284e-05 -5.697004e-03 1.834671e+01) (-4.666509e-05 -3.100620e-05 -2.109622e+00))
187           	((2.005440e+00 5.916145e+01 -1.408743e-03) (1.023856e+01 3.445008e-01 7.423585e-06)) ((4.589616e-04 -5.330090e-03 1.831310e+01) (-4.349208e-05 3.740863e-04 -2.109071e+00))
188           	((2.005287e+00 5.915895e+01 -7.535182e-04) (1.023931e+01 3.438921e-01 1.241264e-04)) ((-1.229663e-03 -6.781466e-03 1.830751e+01) (7.906449e-05 2.436595e-04 -2.110866e+00))
189           	((2.008237e+00 5.917313e+01 -5.637017e-04) (1.023970e+01 3.442450e-01 1.726218e-05)) ((-1.197988e-03 -7.270711e-03 1.834740e+01) (-7.431137e-05 3.307732e-04 -2.109823e+00))
190           	((2.009485e+00 5.917911e+01 -1.203435e-03) (1.023948e+01 3.443462e-01 6.015116e-06)) ((1.184348e-04 -5.768733e-03 1.836316e+01) (-5.326255e-05 2.984224e-04 -2.109528e+00))
191           	((2.014098e+00 5.920228e+01 -1.011713e-03) (1.024118e+01 3.435526e-01 5.472204e-05)) ((-6.042462e-04 -6.144452e-03 1.842695e+01) (8.570117e-05 4.240610e-04 -2.111866e+00))
192           	((2.014646e+00 5.920809e+01 -1.757404e-04) (1.023990e+01 3.444124e-01 9.389338e-05)) ((-2.107672e-03 -8.102194e-03 1.844114e+01) (-2.363489e-05 1.967794e-04 -2.109339e+00))
193           	((2.008431e+00 5.917654e+01 2.939464e-04) (1.023776e+01 3.451484e-01 -1.173372e-05)) ((-2.665443e-03 -9.201116e-03 1.835373e+01) (-2.793098e-06 5.686674e-04 -2.107170e+00))
194           	((2.013956e+00 5.920033e+01 -1.617601e-04) (1.024218e+01 3.428324e-01 1.363040e-04)) ((-1.385311e-03 -8.207306e-03 1.842296e+01) (-5.347456e-05 -5.779013e-05 -2.113983e+00))
195           	((2.015389e+00 5.921104e+01 -1.189206e-03) (1.023988e+01 3.445281e-01 1.302250e-04)) ((3.977803e-04 -5.763399e-03 1.845143e+01) (-2.786325e-05 -2.553392e-05 -2.108999e+00))
196           	((2.016629e+00 5.921688e+01 -1.366486e-03) (1.024085e+01 3.439728e-01 6.397117e-05)) ((2.465060e-04 -5.328522e-03 1.846704e+01) (3.139702e-05 2.517226e-04 -2.110631e+00))
197           	((2.013234e+00 5.920174e+01 -1.159299e-03) (1.023937e+01 3.444236e-01 1.233943e-04)) ((-3.667068e-07 -5.833817e-03 1.842380e+01) (-3.185606e-05 4.584829e-05 -2.109309e+00))
198           	((2.010885e+00 5.918915e+01 6.188072e-05) (1.023970e+01 3.442172e-01 2.205730e-05)) ((-2.597049e-03 -8.651052e-03 1.838980e+01) (8.834150e-05 6.106921e-04 -2.109914e+00))
199           	((2.016925e+00 5.921728e+01 4.064927e-04) (1.024236e+01 3.432273e-01 5.448819e-05)) ((-2.477449e-03 -9.566793e-03 1.846969e+01) (-9.209431e-05 2.436720e-04 -2.112826e+00))
200           	((2.016765e+00 5.922102e+01 -4.742235e-04) (1.024029e+01 3.445054e-01 4.281649e-05)) ((-7.179654e-04 -7.481896e-03 1.847740e+01) (-3.934699e-05 2.292831e-04 -2.109069e+00))
201           	((2.017696e+00 5.922599e+01 -6.778546e-04) (1.024167e+01 3.435196e-01 -3.263343e-05)) ((-8.066405e-04 -6.966713e-03 1.849025e+01) (8.001128e-05 6.504463e-04 -2.111970e+00))
202           	((2.014015e+00 5.920895e+01 1.526670e-04) (1.023935e+01 3.447232e-01 3.098443e-05)) ((-2.584412e-03 -8.893672e-03 1.844139e+01) (1.049038e-05 4.511575e-04 -2.108429e+00))
203           	((2.011566e+00 5.919569e+01 -5.778273e-04) (1.024027e+01 3.439716e-01 2.454771e-05)) ((-2.144658e-04 -7.350217e-03 1.840546e+01) (-6.793856e-05 1.975668e-04 -2.110638e+00))
204           	((2.018633e+00 5.923050e+01 -9.960546e-04) (1.024325e+01 3.428770e-01 7.797023e-05)) ((3.916736e-04 -6.381106e-03 1.850280e+01) (4.036951e-05 2.127375e-04 -2.113857e+00))
205           	((2.018037e+00 5.923221e+01 -1.046153e-03) (1.024080e+01 3.444246e-01 1.365567e-04)) ((2.777932e-04 -6.238577e-03 1.850433e+01) (-1.745567e-06 5.603504e-05 -2.109313e+00))
206           	((2.018009e+00 5.923126e+01 -4.368739e-04) (1.024146e+01 3.438829e-01 -2.831978e-05)) ((-1.339127e-03 -7.602100e-03 1.850104e+01) (2.443117e-05 6.244061e-04 -2.110899e+00))
207           	((2.018583e+00 5.923505e+01 -5.257793e-04) (1.024181e+01 3.438299e-01 8.068386e-06)) ((-6.094863e-04 -7.458558e-03 1.851079e+01) (-6.640243e-05 3.396906e-04 -2.111060e+00))
208           	((2.016283e+00 5.922542e+01 -1.203176e-04) (1.024121e+01 3.439756e-01 -3.373409e-05)) ((-1.654689e-03 -8.361520e-03 1.848340e+01) (6.140863e-05 6.846392e-04 -2.110636e+00))
209           	((2.018678e+00 5.923479e+01 8.057390e-05) (1.024187e+01 3.438134e-01 1.035922e-04)) ((-1.750351e-03 -8.869661e-03 1.851053e+01) (-2.452313e-05 1.714130e-04 -2.111104e+00))
210           	((2.014489e+00 5.921449e+01 -2.013514e-04) (1.023977e+01 3.446677e-01 8.885600e-05)) ((-1.361229e-03 -8.160415e-03 1.845342e+01) (-2.077111e-05 1.711611e-04 -2.108593e+00))
211           	((2.016763e+00 5.922487e+01 -5.144188e-04) (1.024288e+01 3.427324e-01 3.272261e-06)) ((-9.927392e-04 -7.393441e-03 1.848349e+01) (7.597640e-06 4.624191e-04 -2.114290e+00))
212           	((2.016356e+00 5.922474e+01 -4.733599e-04) (1.024030e+01 3.446338e-01 3.232444e-05)) ((-1.165456e-03 -7.483358e-03 1.848192e+01) (-5.104797e-06 3.418641e-04 -2.108695e+00))
213           	((2.007611e+00 5.917996e+01 -3.899167e-04) (1.023804e+01 3.450742e-01 6.722693e-05)) ((-1.272590e-03 -7.674105e-03 1.835766e+01) (-3.073325e-06 2.824923e-04 -2.107394e+00))
214           	((2.012329e+00 5.919891e+01 -7.854219e-04) (1.024252e+01 3.426990e-01 1.785162e-04)) ((-3.370004e-04 -6.790377e-03 1.841361e+01) (-4.237924e-05 -1.823314e-04 -2.114377e+00))
215           	((2.013646e+00 5.920921e+01 -1.415551e-03) (1.024031e+01 3.442339e-01 1.603606e-04)) ((7.629499e-04 -5.295424e-03 1.844039e+01) (-1.017511e-05 -8.417637e-05 -2.109868e+00))
216           	((2.010234e+00 5.919230e+01 -1.604598e-03) (1.023921e+01 3.446456e-01 1.050555e-04)) ((8.620709e-04 -4.860016e-03 1.839257e+01) (1.581705e-06 8.469396e-05 -2.108654e+00))
217           	((2.008009e+00 5.917912e+01 -1.464273e-03) (1.023972e+01 3.440533e-01 1.140250e-04)) ((5.485322e-04 -5.195765e-03 1.835738e+01) (-5.706851e-06 1.105382e-04 -2.110395e+00))
218           	((2.002386e+00 5.915024e+01 -1.138176e-03) (1.023767e+01 3.448604e-01 5.929821e-05)) ((-1.537985e-04 -5.951660e-03 1.827868e+01) (-1.723591e-05 2.645502e-04 -2.108013e+00))
219           	((2.006911e+00 5.917116e+01 -1.295256e-03) (1.024123e+01 3.428906e-01 1.409134e-05)) ((2.395383e-04 -5.543632e-03 1.833890e+01) (-5.540051e-05 3.401683e-04 -2.113807e+00))
220           	((2.011763e+00 5.919962e+01 -8.761125e-04) (1.024109e+01 3.437565e-01 9.649872e-05)) ((-7.589723e-04 -6.510667e-03 1.841467e+01) (7.281676e-05 2.722103e-04 -2.111270e+00))
221           	((2.009168e+00 5.918840e+01 -1.329136e-05) (1.023917e+01 3.446239e-01 -2.140060e-05)) ((-2.475541e-03 -8.472900e-03 1.838120e+01) (-1.971412e-05 6.341054e-04 -2.108719e+00))
222           	((2.007198e+00 5.917727e+01 -4.119693e-04) (1.023935e+01 3.443664e-01 -6.562257e-05)) ((-1.508933e-03 -7.545042e-03 1.835100e+01) (-9.256386e-05 5.247353e-04 -2.109471e+00))
223           	((2.009057e+00 5.918496e+01 -4.498130e-04) (1.024089e+01 3.435546e-01 -6.646390e-06)) ((-1.860730e-03 -7.379775e-03 1.837429e+01) (7.395163e-05 6.059647e-04 -2.111863e+00))
224           	((2.014440e+00 5.921114e+01 -1.926809e-04) (1.024135e+01 3.438682e-01 1.817781e-04)) ((-2.134622e-03 -8.045233e-03 1.844767e+01) (-2.264597e-05 -1.152420e-04 -2.110939e+00))
225           	((2.011929e+00 5.919954e+01 -3.328423e-04) (1.023933e+01 3.447448e-01 1.013180e-04)) ((-1.807936e-03 -7.673645e-03 1.841415e+01) (-2.165777e-05 1.601377e-04 -2.108364e+00))
226           	((2.013922e+00 5.920721e+01 -1.198046e-03) (1.024155e+01 3.435677e-01 2.138587e-04)) ((-1.718610e-05 -5.718926e-03 1.843711e+01) (-4.483680e-05 -3.415564e-04 -2.111826e+00))
227           	((2.016095e+00 5.921858e+01 -1.820188e-03) (1.024105e+01 3.440073e-01 1.159638e-04)) ((9.702523e-04 -4.258126e-03 1.846864e+01) (-2.441215e-06 3.163946e-05 -2.110534e+00))
228           	((2.012725e+00 5.920282e+01 -1.915427e-03) (1.023961e+01 3.444489e-01 1.640111e-04)) ((1.074416e-03 -4.062345e-03 1.842443e+01) (-2.574176e-05 -1.478826e-04 -2.109236e+00))
229           	((2.008568e+00 5.918019e+01 -1.215143e-03) (1.023928e+01 3.443013e-01 1.069027e-04)) ((-4.188051e-04 -5.666654e-03 1.836351e+01) (5.465574e-05 2.629938e-04 -2.109666e+00))
230           	((2.008052e+00 5.917493e+01 -1.380579e-03) (1.023981e+01 3.442118e-01 7.526147e-05)) ((5.136997e-04 -5.421909e-03 1.835183e+01) (-9.276561e-05 1.974753e-05 -2.109924e+00))
231           	((2.016711e+00 5.921590e+01 -2.029092e-03) (1.024262e+01 3.431019e-01 4.136742e-05)) ((1.811355e-03 -3.886352e-03 1.846647e+01) (-3.029074e-05 2.198571e-04 -2.113189e+00))
232           	((2.017804e+00 5.922675e+01 -2.468269e-03) (1.024074e+01 3.442586e-01 2.041234e-04)) ((2.588770e-03 -2.862881e-03 1.849213e+01) (-2.169072e-05 -3.051625e-04 -2.109795e+00))
233           	((2.016648e+00 5.922349e+01 -1.365411e-03) (1.024108e+01 3.438854e-01 5.965083e-05)) ((-2.857904e-04 -5.287982e-03 1.848081e+01) (8.005326e-05 4.863346e-04 -2.110895e+00))
234           	((2.019780e+00 5.923897e+01 -1.141574e-03) (1.024221e+01 3.438272e-01 1.818461e-04)) ((-4.907381e-05 -5.958394e-03 1.852345e+01) (-8.584145e-05 -2.277883e-04 -2.111065e+00))
235           	((2.014667e+00 5.921511e+01 -1.837458e-03) (1.023968e+01 3.447179e-01 5.782463e-06)) ((1.382665e-03 -4.344049e-03 1.845591e+01) (-3.962137e-05 3.263028e-04 -2.108446e+00))
236           	((2.017092e+00 5.922485e+01 -1.849302e-03) (1.024256e+01 3.428869e-01 1.573631e-04)) ((1.169009e-03 -4.325918e-03 1.848523e+01) (4.171879e-05 -2.187718e-05 -2.113831e+00))
237           	((2.016213e+00 5.922220e+01 -1.357541e-03) (1.024033e+01 3.444835e-01 5.131901e-05)) ((2.733421e-04 -5.443105e-03 1.847688e+01) (-2.260308e-06 3.183377e-04 -2.109135e+00))
238           	((2.014868e+00 5.921588e+01 -1.405504e-03) (1.024130e+01 3.437333e-01 1.219111e-04)) ((7.720830e-04 -5.412302e-03 1.845936e+01) (-3.138384e-05 -3.039081e-05 -2.111344e+00))
239           	((2.011159e+00 5.919717e+01 -1.644370e-03) (1.023949e+01 3.444629e-01 1.343458e-04)) ((1.306679e-03 -4.843920e-03 1.840772e+01) (-3.392590e-05 -2.289269e-05 -2.109195e+00))
240           	((2.001684e+00 5.914623e+01 -2.371005e-03) (1.023680e+01 3.451120e-01 1.352787e-04)) ((2.922163e-03 -3.234233e-03 1.826874e+01) (-1.561871e-05 -1.425361e-04 -2.107275e+00))
241           	((2.010708e+00 5.918571e+01 -1.200569e-03) (1.024280e+01 3.425226e-01 1.794237e-04)) ((-3.767954e-05 -5.812534e-03 1.838244e+01) (8.246185e-05 1.316688e-04 -2.114886e+00))
242           	((2.016786e+00 5.922179e+01 7.574063e-04) (1.024164e+01 3.437688e-01 -3.888794e-05)) ((-3.390753e-03 -1.039845e-02 1.847873e+01) (3.357017e-05 7.771533e-04 -2.111232e+00))
243           	((2.014117e+00 5.921118e+01 2.354123e-03) (1.023972e+01 3.447600e-01 -1.895449e-04)) ((-5.825505e-03 -1.414076e-02 1.844576e+01) (3.502484e-05 1.308402e-03 -2.108319e+00))
244           	((2.012472e+00 5.920081e+01 2.384678e-03) (1.024042e+01 3.442681e-01 -1.931314e-04)) ((-5.111396e-03 -1.430480e-02 1.841747e+01) (-7.235895e-05 1.031480e-03 -2.109764e+00))
245           	((2.012388e+00 5.919933e+01 1.451915e-03) (1.024088e+01 3.436266e-01 -1.451918e-04)) ((-3.192287e-03 -1.211708e-02 1.841484e+01) (1.564160e-05 9.353996e-04 -2.111653e+00))
246           	((2.016582e+00 5.922034e+01 1.272807e-03) (1.024154e+01 3.437651e-01 -9.571530e-05)) ((-3.278908e-03 -1.162226e-02 1.847373e+01) (4.188171e-05 8.354696e-04 -2.111240e+00))
247           	((2.013594e+00 5.920847e+01 1.141672e-03) (1.024002e+01 3.442391e-01 2.331625e-05)) ((-3.142582e-03 -1.124649e-02 1.843888e+01) (-2.295716e-05 4.289470e-04 -2.109855e+00))
248           	((2.013720e+00 5.920854e+01 1.630545e-03) (1.024110e+01 3.437969e-01 -2.318062e-05)) ((-4.528777e-03 -1.229183e-02 1.843966e+01) (5.956948e-05 7.144087e-04 -2.111154e+00))
249           	((2.009702e+00 5.918849e+01 2.335673e-03) (1.023907e+01 3.446615e-01 -2.165165e-05)) ((-5.806307e-03 -1.395540e-02 1.838428e+01) (2.714154e-05 7.285586e-04 -2.108610e+00))
250           	((2.010143e+00 5.918907e+01 1.844069e-03) (1.024112e+01 3.433006e-01 -4.973409e-05)) ((-4.329639e-03 -1.288721e-02 1.838806e+01) (-8.735231e-05 5.263161e-04 -2.112609e+00))
251           	((2.011944e+00 5.920023e+01 9.603886e-04) (1.024097e+01 3.434725e-01 -6.981636e-05)) ((-2.689578e-03 -1.081566e-02 1.841874e+01) (6.131496e-05 7.333205e-04 -2.112110e+00))
252           	((2.010475e+00 5.919410e+01 1.024918e-03) (1.023962e+01 3.444285e-01 3.334545e-05)) ((-3.044605e-03 -1.101293e-02 1.840054e+01) (7.128835e-05 4.766639e-04 -2.109296e+00))
253           	((2.007982e+00 5.917919e+01 8.687348e-04) (1.023924e+01 3.444900e-01 -3.032221e-05)) ((-2.570570e-03 -1.067675e-02 1.835982e+01) (-4.941785e-05 5.346638e-04 -2.109108e+00))
254           	((2.005253e+00 5.916264e+01 -1.561062e-04) (1.023860e+01 3.443883e-01 -5.276142e-06)) ((-5.861679e-04 -8.294417e-03 1.831540e+01) (-4.207884e-05 3.364143e-04 -2.109403e+00))
255           	((2.012986e+00 5.919806e+01 2.841948e-04) (1.024180e+01 3.432655e-01 -3.454120e-05)) ((-2.268601e-03 -9.177766e-03 1.841542e+01) (1.020691e-04 7.894782e-04 -2.112705e+00))
256           	((2.018114e+00 5.922853e+01 1.126784e-03) (1.024193e+01 3.436558e-01 1.280198e-05)) ((-3.498812e-03 -1.122130e-02 1.849632e+01) (-3.139632e-05 4.520897e-04 -2.111569e+00))
257           	((2.014827e+00 5.921523e+01 1.304707e-03) (1.023953e+01 3.448193e-01 -6.190380e-05)) ((-3.427572e-03 -1.164761e-02 1.845607e+01) (-1.260933e-06 7.282092e-04 -2.108147e+00))
258           	((2.013537e+00 5.920588e+01 7.730860e-04) (1.024033e+01 3.441329e-01 1.066207e-04)) ((-2.146313e-03 -1.046921e-02 1.843092e+01) (-3.559861e-05 8.454194e-05 -2.110161e+00))
259           	((2.012451e+00 5.920017e+01 8.390175e-04) (1.024021e+01 3.440976e-01 3.405470e-05)) ((-2.833822e-03 -1.051155e-02 1.841602e+01) (6.503464e-05 5.495448e-04 -2.110268e+00))
260           	((2.017597e+00 5.922505e+01 5.150676e-04) (1.024249e+01 3.432260e-01 7.348111e-05)) ((-2.080071e-03 -9.836036e-03 1.848661e+01) (-5.506287e-05 1.557818e-04 -2.112833e+00))
261           	((2.017529e+00 5.922717e+01 -2.610793e-04) (1.024045e+01 3.445837e-01 -1.803352e-05)) ((-6.935206e-04 -7.998348e-03 1.849091e+01) (-2.106569e-05 4.542044e-04 -2.108841e+00))
262           	((2.012842e+00 5.920448e+01 -6.090168e-04) (1.024023e+01 3.439688e-01 1.041991e-04)) ((-2.782662e-04 -7.213415e-03 1.842786e+01) (2.289437e-05 1.196188e-04 -2.110652e+00))
263           	((2.006663e+00 5.917131e+01 -5.383569e-04) (1.023810e+01 3.449377e-01 8.280537e-05)) ((-6.434845e-04 -7.343358e-03 1.833794e+01) (-9.196684e-06 2.286787e-04 -2.107789e+00))
264           	((2.006102e+00 5.916595e+01 -1.638661e-03) (1.024038e+01 3.433922e-01 7.153862e-05)) ((1.952870e-03 -4.933087e-03 1.832599e+01) (-6.016286e-05 -3.593177e-05 -2.112337e+00))
265           	((2.013696e+00 5.920554e+01 -1.979259e-03) (1.024249e+01 3.430263e-01 1.983159e-04)) ((2.322957e-03 -4.127646e-03 1.843606e+01) (5.126472e-05 -1.243086e-04 -2.113416e+00))
266           	((2.014152e+00 5.921192e+01 -1.724124e-03) (1.024023e+01 3.446030e-01 1.674846e-04)) ((1.663597e-03 -4.724856e-03 1.845008e+01) (-4.006722e-06 -7.761741e-05 -2.108781e+00))
267           	((2.014280e+00 5.921155e+01 -9.107353e-04) (1.024087e+01 3.440085e-01 -3.521032e-05)) ((-2.309076e-04 -6.554083e-03 1.844827e+01) (2.956644e-05 6.844385e-04 -2.110525e+00))
268           	((2.016131e+00 5.922082e+01 -8.866249e-04) (1.024138e+01 3.439469e-01 1.428362e-05)) ((3.682173e-04 -6.708916e-03 1.847359e+01) (-7.534970e-05 2.656524e-04 -2.110711e+00))
269           	((2.020624e+00 5.924410e+01 -7.984118e-04) (1.024287e+01 3.432548e-01 -6.312254e-05)) ((5.719769e-05 -6.850330e-03 1.853757e+01) (2.960528e-05 7.167543e-04 -2.112753e+00))
270           	((2.019340e+00 5.923959e+01 -4.511664e-04) (1.024059e+01 3.446436e-01 1.022338e-04)) ((-6.853343e-04 -7.646623e-03 1.852352e+01) (3.574364e-06 1.779364e-04 -2.108668e+00))
271           	((2.009549e+00 5.918995e+01 -2.590378e-05) (1.023839e+01 3.447717e-01 -2.831503e-06)) ((-1.813119e-03 -8.559481e-03 1.838655e+01) (7.478437e-06 5.723861e-04 -2.108285e+00))
272           	((2.012070e+00 5.919859e+01 -6.282006e-04) (1.024187e+01 3.430716e-01 4.105187e-05)) ((-2.059196e-04 -7.272425e-03 1.841450e+01) (-3.692152e-05 1.913366e-04 -2.113280e+00))
273           	((2.013834e+00 5.920830e+01 -1.546902e-03) (1.024086e+01 3.439996e-01 -3.718490e-06)) ((1.414767e-03 -5.078661e-03 1.844151e+01) (-5.949455e-05 3.110002e-04 -2.110555e+00))
274           	((2.009218e+00 5.918463e+01 -2.655499e-03) (1.023852e+01 3.449423e-01 2.448673e-04)) ((3.358188e-03 -2.496605e-03 1.837530e+01) (-2.847807e-05 -4.958663e-04 -2.107780e+00))
275           	((2.009652e+00 5.918319e+01 -2.062484e-03) (1.024079e+01 3.435383e-01 3.705635e-04)) ((1.373689e-03 -3.776029e-03 1.837375e+01) (1.102773e-04 -4.786976e-04 -2.111907e+00))
276           	((2.010155e+00 5.918562e+01 -1.186775e-03) (1.024020e+01 3.440228e-01 5.933338e-05)) ((-6.457690e-05 -5.874758e-03 1.838141e+01) (-5.478427e-05 2.255654e-04 -2.110483e+00))
277           	((2.015492e+00 5.921170e+01 -1.243327e-03) (1.024146e+01 3.437999e-01 -5.517197e-05)) ((4.824376e-04 -5.764063e-03 1.845342e+01) (-5.615839e-05 5.480194e-04 -2.111133e+00))
278           	((2.012521e+00 5.919924e+01 -1.729874e-03) (1.023926e+01 3.446682e-01 1.073172e-04)) ((1.399849e-03 -4.630909e-03 1.841633e+01) (-1.923179e-05 3.934930e-05 -2.108584e+00))
279           	((2.015998e+00 5.921628e+01 -7.529094e-04) (1.024238e+01 3.429199e-01 1.314997e-05)) ((-1.314764e-03 -6.724519e-03 1.846427e+01) (5.779512e-05 6.439504e-04 -2.113731e+00))
280           	((2.016980e+00 5.922531e+01 7.004576e-04) (1.024069e+01 3.442928e-01 -1.463016e-05)) ((-3.895307e-03 -1.010968e-02 1.848683e+01) (1.370524e-05 6.632768e-04 -2.109697e+00))
281           	((2.009648e+00 5.918847e+01 1.878192e-03) (1.023831e+01 3.450735e-01 -1.882955e-04)) ((-5.760944e-03 -1.285956e-02 1.838371e+01) (2.059784e-05 1.247138e-03 -2.107396e+00))
282           	((2.012510e+00 5.919798e+01 1.230745e-03) (1.024152e+01 3.433246e-01 -9.954327e-05)) ((-3.679039e-03 -1.146195e-02 1.841279e+01) (-1.142356e-04 6.083333e-04 -2.112534e+00))
283           	((2.015603e+00 5.921615e+01 8.072911e-05) (1.024136e+01 3.438170e-01 8.418694e-05)) ((-1.906896e-03 -8.660165e-03 1.846260e+01) (3.214196e-05 2.423931e-04 -2.111093e+00))
284           	((2.019248e+00 5.923484e+01 -3.858106e-06) (1.024194e+01 3.438231e-01 8.937165e-05)) ((-2.315296e-03 -8.426648e-03 1.851304e+01) (4.022760e-05 2.389155e-04 -2.111075e+00))
285           	((2.015506e+00 5.921751e+01 4.358443e-04) (1.023983e+01 3.446494e-01 4.051975e-05)) ((-3.083178e-03 -9.457967e-03 1.846278e+01) (1.065535e-05 4.162604e-04 -2.108647e+00))
286           	((2.013920e+00 5.920911e+01 5.991650e-05) (1.024121e+01 3.436062e-01 3.306161e-05)) ((-1.677448e-03 -8.731123e-03 1.844036e+01) (-2.136823e-05 2.493882e-04 -2.111717e+00))
287           	((2.016825e+00 5.922204e+01 -8.952045e-04) (1.024142e+01 3.438686e-01 1.078687e-04)) ((3.501027e-04 -6.523645e-03 1.847712e+01) (-5.483850e-05 -1.043130e-05 -2.110940e+00))
288           	((2.011907e+00 5.919889e+01 -2.134531e-03) (1.023910e+01 3.446672e-01 2.511755e-04)) ((2.601737e-03 -3.643025e-03 1.841172e+01) (-2.786335e-05 -5.002535e-04 -2.108593e+00))
289           	((2.011821e+00 5.919681e+01 -1.346612e-03) (1.024125e+01 3.432877e-01 1.581668e-04)) ((-3.057813e-05 -5.314775e-03 1.840775e+01) (1.078416e-04 2.103107e-04 -2.112651e+00))
290           	((2.018465e+00 5.923069e+01 -9.982507e-04) (1.024259e+01 3.435485e-01 2.072806e-04)) ((3.313712e-05 -6.312548e-03 1.850151e+01) (-7.709539e-05 -2.968366e-04 -2.111882e+00))
291           	((2.015578e+00 5.921956e+01 -1.336347e-03) (1.024020e+01 3.446956e-01 -9.362431e-06)) ((8.537604e-04 -5.524386e-03 1.846765e+01) (-4.105313e-05 4.027676e-04 -2.108511e+00))
292           	((2.014643e+00 5.921266e+01 -2.077317e-03) (1.024090e+01 3.439928e-01 1.115964e-04)) ((2.298987e-03 -3.838559e-03 1.844895e+01) (-5.114699e-05 -6.131751e-05 -2.110573e+00))
293           	((2.014357e+00 5.921157e+01 -2.016284e-03) (1.024116e+01 3.438918e-01 1.841258e-04)) ((1.494727e-03 -3.862552e-03 1.844653e+01) (5.393399e-05 -1.118436e-05 -2.110875e+00))
294           	((2.018474e+00 5.923232e+01 -1.477307e-03) (1.024292e+01 3.430946e-01 1.515740e-04)) ((2.534191e-04 -5.112032e-03 1.850451e+01) (-3.349277e-05 -3.314678e-05 -2.113223e+00))
295           	((2.017217e+00 5.922844e+01 -1.077081e-03) (1.024052e+01 3.445581e-01 -9.963958e-06)) ((-2.705723e-04 -6.051892e-03 1.849137e+01) (-4.596386e-06 5.063980e-04 -2.108917e+00))
296           	((2.009073e+00 5.918897e+01 -5.117615e-04) (1.023904e+01 3.443499e-01 2.766651e-05)) ((-1.079519e-03 -7.456578e-03 1.838139e+01) (2.970372e-05 4.261535e-04 -2.109530e+00))
297           	((2.010879e+00 5.919684e+01 -5.347022e-04) (1.024174e+01 3.431076e-01 5.884470e-06)) ((-5.158741e-04 -7.470792e-03 1.840570e+01) (-4.626156e-05 3.826013e-04 -2.113181e+00))
298           	((2.009182e+00 5.918859e+01 -9.623049e-04) (1.023930e+01 3.447541e-01 1.031679e-04)) ((2.512877e-04 -6.454671e-03 1.838271e+01) (-1.344387e-05 8.696311e-05 -2.108335e+00))
299           	((2.009071e+00 5.918399e+01 -7.873444e-04) (1.023999e+01 3.441414e-01 9.329288e-06)) ((-3.311368e-04 -6.820766e-03 1.837165e+01) (4.475782e-05 5.039925e-04 -2.110131e+00))
300           	((2.007205e+00 5.917480e+01 -3.375689e-04) (1.023948e+01 3.440728e-01 1.599986e-06)) ((-9.281067e-04 -7.913767e-03 1.834684e+01) (-2.468850e-05 4.184254e-04 -2.110337e+00))
301           	((2.011108e+00 5.919439e+01 -3.328019e-04) (1.024112e+01 3.435151e-01 3.898462e-05)) ((-6.169122e-04 -7.943465e-03 1.840112e+01) (1.275627e-05 3.690279e-04 -2.111975e+00))
302           	((2.010051e+00 5.919073e+01 -3.329765e-04) (1.023928e+01 3.446897e-01 6.875803e-05)) ((-8.287042e-04 -7.890575e-03 1.838852e+01) (-1.058894e-05 2.505292e-04 -2.108520e+00))
303           	((2.007695e+00 5.917912e+01 -1.201339e-03) (1.023991e+01 3.436654e-01 6.121743e-06)) ((8.911669e-04 -5.857538e-03 1.835631e+01) (-6.263266e-05 2.802762e-04 -2.111540e+00))
304           	((2.009846e+00 5.918851e+01 -1.156443e-03) (1.024028e+01 3.441751e-01 1.111489e-04)) ((4.270897e-05 -5.871015e-03 1.838360e+01) (6.727271e-05 2.101696e-04 -2.110035e+00))
305           	((2.004389e+00 5.916123e+01 -3.996685e-04) (1.023794e+01 3.449106e-01 4.702371e-05)) ((-1.602550e-03 -7.648511e-03 1.830836e+01) (2.001127e-05 4.378717e-04 -2.107871e+00))
306           	((2.013384e+00 5.920220e+01 -3.614587e-04) (1.024315e+01 3.425595e-01 -3.770554e-05)) ((-1.191782e-03 -7.797903e-03 1.842488e+01) (-7.703539e-05 4.558693e-04 -2.114783e+00))
307           	((2.016982e+00 5.922477e+01 -1.045278e-03) (1.024096e+01 3.442527e-01 7.778434e-05)) ((1.919795e-04 -6.154224e-03 1.848418e+01) (-2.056077e-05 1.612076e-04 -2.109815e+00))
308           	((2.017283e+00 5.922723e+01 -5.844676e-04) (1.024127e+01 3.440932e-01 7.381666e-05)) ((-1.214891e-03 -7.168276e-03 1.848956e+01) (7.526614e-05 3.741225e-04 -2.110284e+00))
309           	((2.014381e+00 5.921246e+01 -1.531374e-04) (1.024015e+01 3.443454e-01 7.000071e-05)) ((-1.904210e-03 -8.194316e-03 1.844918e+01) (-4.397720e-05 2.675680e-04 -2.109544e+00))
310           	((2.012295e+00 5.919942e+01 1.533659e-04) (1.023996e+01 3.442597e-01 -2.655816e-05)) ((-2.496481e-03 -8.895323e-03 1.841525e+01) (1.815217e-05 6.036448e-04 -2.109788e+00))
311           	((2.009278e+00 5.918352e+01 8.663831e-05) (1.023944e+01 3.440694e-01 7.205671e-05)) ((-2.003060e-03 -8.785921e-03 1.837307e+01) (-2.414816e-05 2.379453e-04 -2.110349e+00))
312           	((2.014591e+00 5.920985e+01 3.406805e-04) (1.024239e+01 3.431373e-01 1.765120e-05)) ((-2.843115e-03 -9.282646e-03 1.844754e+01) (5.761219e-06 4.853920e-04 -2.113091e+00))
313           	((2.014746e+00 5.921299e+01 6.217518e-04) (1.024038e+01 3.443509e-01 4.516013e-05)) ((-3.353210e-03 -9.963015e-03 1.845475e+01) (3.238581e-05 4.494866e-04 -2.109525e+00))
314           	((2.008015e+00 5.917862e+01 1.128903e-03) (1.023811e+01 3.450628e-01 4.137234e-05)) ((-4.220759e-03 -1.118816e-02 1.835923e+01) (1.039423e-05 4.419892e-04 -2.107422e+00))
315           	((2.010699e+00 5.918814e+01 1.770733e-04) (1.024154e+01 3.430043e-01 3.087031e-05)) ((-1.555768e-03 -9.093365e-03 1.838857e+01) (-7.917676e-05 2.034150e-04 -2.113475e+00))
316           	((2.017130e+00 5.922279e+01 -1.966840e-04) (1.024226e+01 3.434430e-01 8.024544e-05)) ((-1.395638e-03 -8.114191e-03 1.848362e+01) (6.597690e-05 3.073052e-04 -2.112192e+00))
317           	((2.016108e+00 5.921964e+01 7.747557e-05) (1.024001e+01 3.447577e-01 3.912222e-05)) ((-2.121613e-03 -8.730572e-03 1.847192e+01) (1.797214e-05 4.312663e-04 -2.108326e+00))
318           	((2.012588e+00 5.920074e+01 1.620515e-04) (1.024000e+01 3.440576e-01 1.744915e-05)) ((-2.285526e-03 -8.934855e-03 1.841962e+01) (-3.013700e-05 3.991300e-04 -2.110385e+00))
319           	((2.007214e+00 5.917264e+01 1.634282e-04) (1.023820e+01 3.447900e-01 -4.631125e-05)) ((-2.190629e-03 -8.948413e-03 1.834305e+01) (2.500084e-05 6.665927e-04 -2.108223e+00))
320           	((2.009094e+00 5.918007e+01 3.646868e-04) (1.024092e+01 3.431766e-01 6.463444e-05)) ((-2.581555e-03 -9.433154e-03 1.836597e+01) (8.436930e-06 3.267059e-04 -2.112968e+00))
321           	((2.010530e+00 5.918978e+01 1.814563e-04) (1.024003e+01 3.440125e-01 1.158442e-05)) ((-2.304430e-03 -8.940169e-03 1.839193e+01) (-2.647095e-05 4.484779e-04 -2.110513e+00))
322           	((2.007700e+00 5.917492e+01 -1.562583e-04) (1.023827e+01 3.450332e-01 -5.095403e-06)) ((-1.844162e-03 -8.142203e-03 1.834988e+01) (-4.271911e-06 4.513926e-04 -2.107505e+00))
323           	((2.005460e+00 5.916045e+01 3.096849e-04) (1.023910e+01 3.440017e-01 2.370595e-06)) ((-3.187469e-03 -9.172388e-03 1.831162e+01) (5.160536e-05 6.449248e-04 -2.110542e+00))
324           	((2.004577e+00 5.915658e+01 1.007928e-03) (1.023924e+01 3.436727e-01 2.040836e-06)) ((-4.454888e-03 -1.081730e-02 1.830236e+01) (-3.034494e-05 5.283581e-04 -2.111510e+00))
325           	((2.010686e+00 5.918674e+01 6.654725e-04) (1.024063e+01 3.438633e-01 -3.323802e-05)) ((-3.440874e-03 -1.000782e-02 1.838569e+01) (-4.964435e-05 5.356333e-04 -2.110941e+00))
326           	((2.011794e+00 5.919385e+01 1.856470e-04) (1.023996e+01 3.443467e-01 3.880468e-05)) ((-2.647795e-03 -8.893650e-03 1.840260e+01) (2.213679e-05 3.088287e-04 -2.109531e+00))
327           	((2.009724e+00 5.918403e+01 -5.558701e-04) (1.023925e+01 3.443198e-01 1.008701e-04)) ((-1.178468e-03 -7.180985e-03 1.837449e+01) (-7.396973e-05 1.497777e-05 -2.109610e+00))
328           	((2.013200e+00 5.919998e+01 -6.606251e-04) (1.024099e+01 3.436061e-01 -2.433193e-05)) ((-1.214766e-03 -6.947690e-03 1.841951e+01) (6.817737e-05 5.618289e-04 -2.111708e+00))
329           	((2.012134e+00 5.919574e+01 3.199285e-06) (1.023908e+01 3.447680e-01 2.484770e-05)) ((-2.299129e-03 -8.533034e-03 1.840660e+01) (1.238185e-05 4.546858e-04 -2.108290e+00))
330           	((2.011996e+00 5.919428e+01 -4.509600e-04) (1.024045e+01 3.436623e-01 1.383814e-04)) ((-6.670813e-04 -7.582548e-03 1.840318e+01) (-1.000292e-04 -1.606079e-04 -2.111548e+00))
331           	((2.014599e+00 5.920709e+01 -5.905256e-04) (1.024062e+01 3.441069e-01 8.286014e-05)) ((-6.495054e-04 -7.186501e-03 1.843925e+01) (6.880012e-05 3.138443e-04 -2.110241e+00))
332           	((2.011338e+00 5.919104e+01 -9.072611e-05) (1.023885e+01 3.448104e-01 1.284924e-04)) ((-1.664366e-03 -8.417984e-03 1.839477e+01) (2.576090e-05 1.390772e-04 -2.108168e+00))
333           	((2.008073e+00 5.917385e+01 3.667748e-04) (1.023959e+01 3.436929e-01 1.713740e-05)) ((-2.253981e-03 -9.504447e-03 1.834931e+01) (-4.006175e-05 4.493548e-04 -2.111454e+00))
334           	((2.011714e+00 5.919169e+01 -1.165099e-04) (1.024070e+01 3.437479e-01 5.235472e-05)) ((-9.116787e-04 -8.412064e-03 1.839987e+01) (-4.766255e-05 1.976001e-04 -2.111286e+00))
335           	((2.015730e+00 5.921310e+01 2.744646e-05) (1.024131e+01 3.439169e-01 1.242352e-05)) ((-1.760528e-03 -8.632583e-03 1.845756e+01) (7.467464e-05 6.002887e-04 -2.110796e+00))
336           	((2.015963e+00 5.921729e+01 5.866586e-04) (1.024098e+01 3.436724e-01 3.320288e-05)) ((-2.996915e-03 -9.934582e-03 1.846710e+01) (-1.601714e-05 4.285681e-04 -2.111525e+00))
337           	((2.013099e+00 5.920249e+01 7.385217e-04) (1.023897e+01 3.450064e-01 -9.739327e-05)) ((-3.214831e-03 -1.027533e-02 1.842554e+01) (3.068147e-06 8.395741e-04 -2.107590e+00))
338           	((2.002703e+00 5.914825e+01 1.082924e-03) (1.023680e+01 3.450091e-01 -4.918588e-05)) ((-3.955392e-03 -1.108945e-02 1.827651e+01) (2.041437e-05 7.240313e-04 -2.107578e+00))
339           	((2.011554e+00 5.918892e+01 7.136517e-04) (1.024301e+01 3.423005e-01 -1.149513e-04)) ((-2.846352e-03 -1.029665e-02 1.839333e+01) (-3.516294e-05 7.863613e-04 -2.115542e+00))
340           	((2.023013e+00 5.925225e+01 2.541391e-04) (1.024358e+01 3.431846e-01 2.802324e-05)) ((-2.163322e-03 -9.164677e-03 1.856519e+01) (6.256122e-06 3.720919e-04 -2.112953e+00))
341           	((2.023452e+00 5.926012e+01 -9.904797e-06) (1.024162e+01 3.444154e-01 2.984864e-05)) ((-1.825494e-03 -8.505580e-03 1.858115e+01) (1.941689e-06 3.798738e-04 -2.109341e+00))
342           	((2.014586e+00 5.921691e+01 -4.529903e-04) (1.023916e+01 3.448809e-01 1.203560e-04)) ((-7.930375e-04 -7.562325e-03 1.845934e+01) (-2.192097e-06 1.484632e-05 -2.107970e+00))
343           	((2.015667e+00 5.921790e+01 1.287880e-04) (1.024210e+01 3.434471e-01 -3.885866e-05)) ((-2.246210e-03 -8.843211e-03 1.846602e+01) (3.625938e-05 7.040175e-04 -2.112181e+00))
344           	((2.019068e+00 5.923401e+01 4.362870e-04) (1.024222e+01 3.436570e-01 6.379213e-05)) ((-2.569015e-03 -9.620973e-03 1.851194e+01) (-1.198072e-05 2.914408e-04 -2.111566e+00))
345           	((2.020476e+00 5.924249e+01 6.981069e-04) (1.024197e+01 3.437859e-01 -8.540565e-06)) ((-2.956813e-03 -1.021815e-02 1.853444e+01) (2.632724e-05 6.029584e-04 -2.111189e+00))
346           	((2.018338e+00 5.923389e+01 6.481432e-04) (1.024125e+01 3.439699e-01 1.912886e-05)) ((-2.640707e-03 -1.011766e-02 1.850902e+01) (-6.059724e-05 3.529011e-04 -2.110652e+00))
347           	((2.014980e+00 5.921691e+01 6.799469e-04) (1.024051e+01 3.442612e-01 -6.585092e-05)) ((-2.759869e-03 -1.017712e-02 1.846192e+01) (6.459000e-05 8.089456e-04 -2.109791e+00))
348           	((2.005682e+00 5.916837e+01 1.332424e-03) (1.023774e+01 3.450192e-01 -5.187038e-06)) ((-4.104654e-03 -1.171072e-02 1.832927e+01) (1.655828e-05 6.023935e-04 -2.107553e+00))
349           	((2.013470e+00 5.920179e+01 5.918306e-04) (1.024289e+01 3.426367e-01 -8.488996e-05)) ((-2.152886e-03 -1.004423e-02 1.842499e+01) (-7.973763e-05 5.964867e-04 -2.114555e+00))
350           	((2.018000e+00 5.923095e+01 -4.990628e-04) (1.024195e+01 3.435176e-01 1.052021e-04)) ((-2.707034e-04 -7.469950e-03 1.850191e+01) (2.564886e-05 7.202292e-05 -2.111977e+00))
351           	((2.015091e+00 5.921860e+01 -1.155117e-03) (1.023989e+01 3.448151e-01 1.245650e-04)) ((5.275956e-04 -5.893227e-03 1.846388e+01) (-8.221009e-06 3.234819e-05 -2.108158e+00))
352           	((2.004605e+00 5.916442e+01 -1.704265e-03) (1.023733e+01 3.450545e-01 1.505693e-04)) ((1.363011e-03 -4.644805e-03 1.831373e+01) (-1.137594e-05 -1.202807e-04 -2.107451e+00))
353           	((2.012138e+00 5.919687e+01 -1.492166e-03) (1.024318e+01 3.425127e-01 2.364174e-04)) ((6.376445e-04 -5.120130e-03 1.840820e+01) (4.907246e-05 -1.803505e-04 -2.114924e+00))
354           	((2.018520e+00 5.923279e+01 -9.434614e-04) (1.024231e+01 3.436115e-01 1.615293e-05)) ((-3.723706e-04 -6.415201e-03 1.850600e+01) (-1.536163e-05 4.044044e-04 -2.111702e+00))
355           	((2.016458e+00 5.922415e+01 -5.620440e-04) (1.024014e+01 3.448413e-01 5.833049e-06)) ((-9.025004e-04 -7.318896e-03 1.847950e+01) (2.740780e-06 5.021522e-04 -2.108082e+00))
356           	((2.006822e+00 5.917453e+01 -1.255525e-04) (1.023808e+01 3.448691e-01 1.337360e-05)) ((-1.735916e-03 -8.345875e-03 1.834292e+01) (8.160119e-06 4.827050e-04 -2.107995e+00))
357           	((2.013193e+00 5.920286e+01 2.105636e-04) (1.024302e+01 3.426568e-01 -6.635154e-05)) ((-2.091417e-03 -9.149223e-03 1.842597e+01) (1.142154e-05 7.343506e-04 -2.114498e+00))
358           	((2.020946e+00 5.924510e+01 1.809766e-04) (1.024305e+01 3.434062e-01 -1.924464e-05)) ((-1.784179e-03 -9.090658e-03 1.854144e+01) (-3.552106e-05 4.744031e-04 -2.112306e+00))
359           	((2.019391e+00 5.923938e+01 -3.376200e-04) (1.024082e+01 3.445829e-01 4.918599e-05)) ((-9.052575e-04 -7.823604e-03 1.852300e+01) (-1.648897e-05 2.989308e-04 -2.108845e+00))
360           	((2.010837e+00 5.919598e+01 -7.390338e-04) (1.023887e+01 3.447011e-01 9.122107e-05)) ((-4.828012e-04 -6.879364e-03 1.840291e+01) (1.399250e-05 1.617758e-04 -2.108494e+00))
361           	((2.014916e+00 5.921387e+01 -6.983224e-04) (1.024296e+01 3.427110e-01 4.767274e-05)) ((-6.399164e-04 -6.991713e-03 1.845581e+01) (3.147474e-05 3.629910e-04 -2.114347e+00))
362           	((2.015105e+00 5.921780e+01 -2.854455e-04) (1.024073e+01 3.441991e-01 -4.092429e-07)) ((-1.423999e-03 -7.948950e-03 1.846580e+01) (-7.633199e-06 4.745886e-04 -2.109975e+00))
363           	((2.012563e+00 5.920425e+01 -2.417147e-04) (1.023986e+01 3.444880e-01 2.731545e-05)) ((-1.290636e-03 -8.044359e-03 1.842802e+01) (-2.235949e-05 3.830282e-04 -2.109117e+00))
364           	((2.006636e+00 5.917344e+01 5.023792e-05) (1.023879e+01 3.444075e-01 2.848562e-05)) ((-2.191598e-03 -8.650346e-03 1.834373e+01) (2.152471e-05 4.535093e-04 -2.109353e+00))
365           	((2.008971e+00 5.918292e+01 -6.490387e-04) (1.024103e+01 3.434617e-01 1.016002e-05)) ((-5.755901e-04 -7.057257e-03 1.837242e+01) (-8.476728e-05 2.631864e-04 -2.112130e+00))
366           	((2.009580e+00 5.918717e+01 -1.957504e-03) (1.024000e+01 3.439869e-01 1.469145e-04)) ((2.024354e-03 -4.058677e-03 1.838356e+01) (-4.084581e-05 -2.172450e-04 -2.110593e+00))
367           	((2.011915e+00 5.919860e+01 -1.834638e-03) (1.024073e+01 3.440568e-01 2.220652e-04)) ((1.246506e-03 -4.292338e-03 1.841493e+01) (9.125093e-05 -9.901883e-05 -2.110382e+00))
368           	((2.010659e+00 5.919277e+01 -3.799124e-04) (1.023987e+01 3.441687e-01 1.702503e-04)) ((-1.867387e-03 -7.662746e-03 1.839786e+01) (3.740952e-05 1.139089e-04 -2.110058e+00))
369           	((2.012987e+00 5.920324e+01 -3.948228e-04) (1.024099e+01 3.439059e-01 -1.123428e-04)) ((-8.596488e-04 -7.747947e-03 1.842734e+01) (-1.029020e-04 6.398270e-04 -2.110825e+00))
370           	((2.016793e+00 5.922209e+01 -1.766313e-03) (1.024171e+01 3.435971e-01 4.691523e-05)) ((2.170637e-03 -4.610164e-03 1.847850e+01) (-7.661384e-05 4.631342e-05 -2.111734e+00))
371           	((2.022100e+00 5.925056e+01 -1.906689e-03) (1.024280e+01 3.435847e-01 1.115440e-04)) ((1.412781e-03 -4.095035e-03 1.855531e+01) (5.952777e-05 2.114507e-04 -2.111778e+00))
372           	((2.023074e+00 5.925742e+01 -9.792366e-04) (1.024218e+01 3.437953e-01 1.312564e-04)) ((-7.369925e-04 -6.243724e-03 1.857225e+01) (3.973563e-05 1.620396e-04 -2.111164e+00))
373           	((2.021806e+00 5.925279e+01 -5.481768e-04) (1.024185e+01 3.439431e-01 4.555948e-05)) ((-1.137076e-03 -7.292566e-03 1.855877e+01) (-5.808896e-05 2.936179e-04 -2.110733e+00))
374           	((2.014725e+00 5.921662e+01 -5.810850e-04) (1.023945e+01 3.448555e-01 2.253278e-05)) ((-8.510326e-04 -7.250190e-03 1.845906e+01) (-1.438612e-05 3.668554e-04 -2.108043e+00))
375           	((2.013873e+00 5.920805e+01 -2.186699e-04) (1.024134e+01 3.435412e-01 3.858045e-05)) ((-1.592771e-03 -8.083563e-03 1.843917e+01) (3.927175e-05 4.668019e-04 -2.111905e+00))
376           	((2.013213e+00 5.920630e+01 5.338167e-05) (1.024104e+01 3.434470e-01 5.869781e-05)) ((-2.166857e-03 -8.681973e-03 1.843548e+01) (-4.194863e-05 2.836809e-04 -2.112188e+00))
377           	((2.009914e+00 5.918827e+01 -4.616429e-05) (1.023888e+01 3.449671e-01 -3.579637e-06)) ((-1.982147e-03 -8.427161e-03 1.838613e+01) (-7.354445e-06 4.980094e-04 -2.107705e+00))
378           	((2.003492e+00 5.915314e+01 5.903932e-04) (1.023819e+01 3.445162e-01 1.349476e-05)) ((-3.524249e-03 -9.879300e-03 1.829032e+01) (5.784057e-05 5.949088e-04 -2.109029e+00))
379           	((2.008811e+00 5.917711e+01 1.237541e-04) (1.024151e+01 3.429278e-01 -7.644971e-05)) ((-2.026259e-03 -8.883089e-03 1.835913e+01) (-9.223608e-05 5.530049e-04 -2.113700e+00))
380           	((2.010951e+00 5.919072e+01 -1.206184e-03) (1.023952e+01 3.446107e-01 6.647949e-05)) ((3.698197e-04 -5.735011e-03 1.839423e+01) (-4.764701e-05 7.385439e-05 -2.108752e+00))
381           	((2.010658e+00 5.918913e+01 -1.470319e-03) (1.023991e+01 3.443780e-01 2.065690e-04)) ((1.214475e-04 -5.030173e-03 1.838809e+01) (6.854028e-05 -7.937766e-05 -2.109437e+00))
382           	((2.011399e+00 5.919159e+01 -5.200087e-04) (1.024003e+01 3.441378e-01 1.808530e-04)) ((-1.954945e-03 -7.255366e-03 1.839487e+01) (3.493352e-05 1.778403e-05 -2.110143e+00))
383           	((2.015330e+00 5.921274e+01 -5.401418e-04) (1.024168e+01 3.434085e-01 9.562241e-06)) ((-1.056708e-03 -7.301282e-03 1.845247e+01) (-9.720873e-05 2.847880e-04 -2.112294e+00))
384           	((2.014762e+00 5.921281e+01 -1.090185e-03) (1.024021e+01 3.442581e-01 4.063313e-05)) ((2.065260e-04 -6.058965e-03 1.845055e+01) (1.609700e-05 2.628621e-04 -2.109798e+00))
385           	((2.009890e+00 5.918654e+01 -1.243030e-03) (1.023838e+01 3.451293e-01 1.252817e-04)) ((4.328739e-04 -5.716706e-03 1.837841e+01) (-2.848210e-06 5.269662e-05 -2.107226e+00))
386           	((2.000665e+00 5.913857e+01 -1.253876e-03) (1.023753e+01 3.441431e-01 1.844070e-04)) ((3.959092e-04 -5.718756e-03 1.824887e+01) (-8.881861e-06 -1.487223e-04 -2.110128e+00))
387           	((2.006758e+00 5.916639e+01 -7.803242e-04) (1.024081e+01 3.431560e-01 9.508820e-05)) ((-4.808181e-04 -6.778874e-03 1.832998e+01) (-1.479192e-05 2.013663e-04 -2.113019e+00))
388           	((2.011959e+00 5.919484e+01 -6.402250e-04) (1.024094e+01 3.438162e-01 2.058400e-04)) ((-4.580383e-04 -7.109202e-03 1.840662e+01) (-4.110260e-05 -2.227159e-04 -2.111087e+00))
389           	((2.012435e+00 5.919954e+01 -3.733795e-04) (1.024002e+01 3.441710e-01 -2.556366e-05)) ((-9.642464e-04 -7.712410e-03 1.841678e+01) (5.904627e-05 6.384602e-04 -2.110053e+00))
390           	((2.012733e+00 5.920119e+01 -4.925939e-04) (1.024017e+01 3.442890e-01 1.063991e-04)) ((-4.696152e-04 -7.501229e-03 1.842061e+01) (-7.932462e-05 3.502615e-06 -2.109703e+00))
391           	((2.007606e+00 5.917423e+01 -1.228017e-03) (1.023802e+01 3.450592e-01 4.791327e-05)) ((9.245208e-04 -5.771736e-03 1.834645e+01) (-1.958745e-05 2.289183e-04 -2.107434e+00))
392           	((2.011489e+00 5.919022e+01 -1.219696e-03) (1.024168e+01 3.429611e-01 2.051236e-04)) ((5.293996e-04 -5.781391e-03 1.839380e+01) (5.546121e-05 -1.225658e-04 -2.113606e+00))
393           	((2.011927e+00 5.919474e+01 -6.789493e-04) (1.023930e+01 3.446327e-01 1.128257e-04)) ((-7.704753e-04 -6.977201e-03 1.840544e+01) (-5.307573e-06 1.915624e-04 -2.108691e+00))
394           	((2.012726e+00 5.919764e+01 -1.403496e-03) (1.024047e+01 3.441665e-01 1.062159e-04)) ((9.642448e-04 -5.348364e-03 1.841370e+01) (-1.171196e-04 -1.084876e-04 -2.110058e+00))
395           	((2.014667e+00 5.920783e+01 -2.026805e-03) (1.024129e+01 3.435503e-01 4.540894e-05)) ((1.734262e-03 -3.843363e-03 1.844208e+01) (4.825980e-05 3.144502e-04 -2.111880e+00))
396           	((2.013395e+00 5.920292e+01 -1.827021e-03) (1.023966e+01 3.444636e-01 1.169235e-04)) ((1.032973e-03 -4.305238e-03 1.842788e+01) (-2.218808e-05 3.778963e-05 -2.109190e+00))
397           	((2.007534e+00 5.917158e+01 -1.594061e-03) (1.023788e+01 3.450526e-01 1.000666e-04)) ((5.268139e-04 -4.820300e-03 1.834198e+01) (-2.028818e-05 1.448699e-04 -2.107449e+00))
398           	((2.007559e+00 5.916770e+01 -2.038216e-03) (1.024015e+01 3.436998e-01 1.746989e-04)) ((1.582168e-03 -3.864569e-03 1.833495e+01) (-3.425241e-05 -2.259287e-04 -2.111429e+00))
399           	((2.018534e+00 5.922134e+01 -2.114163e-03) (1.024278e+01 3.430643e-01 1.703543e-04)) ((1.682050e-03 -3.673779e-03 1.848479e+01) (-8.527912e-06 -1.030094e-04 -2.113297e+00))
400           	((2.021218e+00 5.924029e+01 -1.925589e-03) (1.024114e+01 3.442987e-01 1.543403e-04)) ((1.405991e-03 -4.110267e-03 1.853238e+01) (-1.372085e-05 -7.386121e-05 -2.109675e+00))
401           	((2.014939e+00 5.921342e+01 -1.231339e-03) (1.023953e+01 3.442911e-01 3.076861e-05)) ((5.699404e-07 -5.691984e-03 1.845450e+01) (3.385357e-05 4.445591e-04 -2.109704e+00))
402           	((2.015665e+00 5.921524e+01 -1.844012e-03) (1.024098e+01 3.440240e-01 1.866469e-04)) ((1.817812e-03 -4.394851e-03 1.846055e+01) (-1.168963e-04 -3.773312e-04 -2.110480e+00))
403           	((2.011898e+00 5.919736e+01 -2.740931e-03) (1.023961e+01 3.443156e-01 1.449057e-04)) ((3.346473e-03 -2.270508e-03 1.841074e+01) (6.455224e-06 -9.905257e-05 -2.109628e+00))
404           	((2.013181e+00 5.920168e+01 -3.462841e-03) (1.024076e+01 3.437474e-01 2.574280e-04)) ((4.520989e-03 -6.309772e-04 1.842461e+01) (-4.693778e-05 -5.475859e-04 -2.111290e+00))
405           	((2.012794e+00 5.920195e+01 -3.843597e-03) (1.024032e+01 3.438513e-01 9.089258e-05)) ((5.074430e-03 2.759731e-04 1.842444e+01) (1.046670e-05 4.003779e-05 -2.110992e+00))
406           	((2.015520e+00 5.921898e+01 -3.251983e-03) (1.024202e+01 3.433223e-01 2.943263e-04)) ((3.635847e-03 -1.095868e-03 1.846991e+01) (-4.502680e-06 -4.913884e-04 -2.112552e+00))
407           	((2.013838e+00 5.921202e+01 -2.519380e-03) (1.023976e+01 3.448689e-01 9.067032e-05)) ((2.340156e-03 -2.808538e-03 1.844827e+01) (-1.139778e-05 1.893325e-04 -2.108001e+00))
408           	((2.006848e+00 5.917474e+01 -1.636498e-03) (1.023843e+01 3.447067e-01 3.314501e-05)) ((5.910115e-04 -4.873084e-03 1.834555e+01) (6.041878e-06 4.030474e-04 -2.108473e+00))
409           	((2.011483e+00 5.919354e+01 -1.682849e-03) (1.024179e+01 3.430807e-01 4.320196e-05)) ((1.205635e-03 -4.814016e-03 1.840103e+01) (-7.411496e-05 2.062611e-04 -2.113251e+00))
410           	((2.011994e+00 5.919817e+01 -2.385530e-03) (1.023967e+01 3.445586e-01 9.847480e-05)) ((2.325936e-03 -3.102785e-03 1.841257e+01) (-4.075699e-05 1.665806e-05 -2.108907e+00))
411           	((2.015273e+00 5.921310e+01 -1.902752e-03) (1.024179e+01 3.434376e-01 1.245672e-05)) ((6.935006e-04 -4.123582e-03 1.845416e+01) (9.317719e-05 5.695019e-04 -2.112208e+00))
412           	((2.014241e+00 5.921058e+01 -5.140433e-04) (1.023989e+01 3.444009e-01 7.965630e-05)) ((-1.970707e-03 -7.351811e-03 1.844530e+01) (-1.019921e-05 3.074201e-04 -2.109376e+00))
413           	((2.009785e+00 5.918972e+01 -2.033606e-04) (1.023948e+01 3.442732e-01 -1.141350e-04)) ((-2.064504e-03 -8.061813e-03 1.838688e+01) (-8.762086e-05 7.392137e-04 -2.109751e+00))
414           	((2.014705e+00 5.921070e+01 -7.057772e-04) (1.024176e+01 3.434171e-01 8.970203e-05)) ((-9.039636e-04 -6.895664e-03 1.844688e+01) (-8.859811e-06 1.223298e-04 -2.112262e+00))
415           	((2.013706e+00 5.920640e+01 -1.189993e-03) (1.023965e+01 3.446638e-01 1.691812e-04)) ((-1.882087e-04 -5.731249e-03 1.843396e+01) (-1.192738e-05 -8.642552e-05 -2.108599e+00))
416           	((2.012095e+00 5.919902e+01 -1.384425e-03) (1.024053e+01 3.435375e-01 9.282168e-05)) ((5.831582e-06 -5.271882e-03 1.841354e+01) (-2.061626e-05 1.056395e-04 -2.111918e+00))
417           	((2.012377e+00 5.920169e+01 -6.258865e-04) (1.024053e+01 3.439742e-01 6.903714e-05)) ((-1.530137e-03 -7.053533e-03 1.842099e+01) (9.303002e-05 4.431439e-04 -2.110632e+00))
418           	((2.009256e+00 5.918569e+01 2.966669e-04) (1.023936e+01 3.444639e-01 -2.435229e-05)) ((-3.092181e-03 -9.243747e-03 1.837677e+01) (-4.221670e-05 5.801330e-04 -2.109190e+00))
419           	((2.007943e+00 5.917641e+01 3.515754e-04) (1.023938e+01 3.442767e-01 -1.182075e-04)) ((-2.858633e-03 -9.371240e-03 1.835277e+01) (-3.474179e-05 8.436167e-04 -2.109731e+00))
420           	((2.008461e+00 5.917824e+01 1.071651e-03) (1.024026e+01 3.435367e-01 -8.045991e-05)) ((-4.586139e-03 -1.098335e-02 1.835906e+01) (8.227880e-05 9.369337e-04 -2.111915e+00))
421           	((2.013578e+00 5.920372e+01 7.404941e-04) (1.024126e+01 3.438697e-01 -6.786735e-05)) ((-3.310678e-03 -1.027503e-02 1.842979e+01) (-1.014555e-04 5.501011e-04 -2.110935e+00))
422           	((2.011491e+00 5.919488e+01 -4.122375e-04) (1.023919e+01 3.448649e-01 8.923130e-05)) ((-1.101312e-03 -7.568063e-03 1.840345e+01) (-3.986407e-05 4.369208e-05 -2.108008e+00))
423           	((2.013629e+00 5.920357e+01 -1.180730e-03) (1.024142e+01 3.434962e-01 2.017995e-04)) ((-4.480688e-05 -5.724307e-03 1.842858e+01) (2.665179e-05 -1.689946e-04 -2.112033e+00))
424           	((2.016859e+00 5.922179e+01 -1.059699e-03) (1.024132e+01 3.438331e-01 2.003173e-04)) ((-6.079407e-04 -5.990948e-03 1.847808e+01) (1.598826e-05 -1.528935e-04 -2.111045e+00))
425           	((2.018520e+00 5.923241e+01 -1.549301e-03) (1.024150e+01 3.439766e-01 1.449828e-04)) ((6.775923e-04 -4.899225e-03 1.850518e+01) (-8.433536e-05 -1.636543e-04 -2.110626e+00))
426           	((2.015438e+00 5.921815e+01 -1.978951e-03) (1.024017e+01 3.443640e-01 1.482321e-04)) ((1.467608e-03 -3.940116e-03 1.846463e+01) (1.954656e-05 -7.576828e-05 -2.109490e+00))
427           	((2.010317e+00 5.919069e+01 -1.979657e-03) (1.023915e+01 3.444674e-01 1.806460e-04)) ((1.467634e-03 -3.963696e-03 1.839044e+01) (-3.000779e-05 -1.584992e-04 -2.109178e+00))
428           	((2.005438e+00 5.916372e+01 -2.416891e-03) (1.023876e+01 3.440672e-01 1.659508e-04)) ((2.543040e-03 -3.024131e-03 1.831879e+01) (-4.176075e-05 -2.311109e-04 -2.110351e+00))
429           	((2.006693e+00 5.916734e+01 -1.666314e-03) (1.023969e+01 3.441520e-01 2.667261e-04)) ((7.350693e-04 -4.715036e-03 1.833182e+01) (8.683492e-05 -1.774247e-04 -2.110096e+00))
430           	((2.007717e+00 5.917246e+01 -7.572845e-04) (1.024007e+01 3.437238e-01 1.067971e-04)) ((-8.607269e-04 -6.869014e-03 1.834691e+01) (-4.880145e-05 1.481879e-04 -2.111361e+00))
431           	((2.012453e+00 5.919833e+01 -1.755525e-04) (1.024111e+01 3.435570e-01 -7.782738e-05)) ((-1.837798e-03 -8.153545e-03 1.841713e+01) (-1.355396e-05 7.816986e-04 -2.111851e+00))
432           	((2.011628e+00 5.919633e+01 3.666260e-04) (1.023927e+01 3.448269e-01 -7.782955e-05)) ((-2.687885e-03 -9.426439e-03 1.840822e+01) (1.133849e-05 7.628332e-04 -2.108119e+00))
433           	((2.009396e+00 5.918453e+01 1.399927e-03) (1.023967e+01 3.440520e-01 -1.566368e-04)) ((-4.723161e-03 -1.181636e-02 1.837538e+01) (4.815958e-05 1.184252e-03 -2.110399e+00))
434           	((2.011855e+00 5.919497e+01 1.964944e-03) (1.024023e+01 3.440277e-01 -5.530959e-05)) ((-5.467275e-03 -1.316089e-02 1.840522e+01) (-2.243539e-05 7.299665e-04 -2.110465e+00))
435           	((2.011055e+00 5.919253e+01 1.745856e-03) (1.023986e+01 3.440532e-01 -1.733810e-04)) ((-5.068304e-03 -1.256866e-02 1.839748e+01) (-2.620513e-05 1.023891e-03 -2.110397e+00))
436           	((2.008561e+00 5.917916e+01 1.856652e-03) (1.023881e+01 3.445563e-01 -8.705967e-05)) ((-5.606430e-03 -1.279548e-02 1.836023e+01) (5.308173e-05 8.742109e-04 -2.108914e+00))
437           	((2.009038e+00 5.917916e+01 8.162072e-04) (1.024010e+01 3.440471e-01 -6.853445e-05)) ((-2.956942e-03 -1.045902e-02 1.836227e+01) (-1.260351e-04 4.446738e-04 -2.110409e+00))
438           	((2.011380e+00 5.919127e+01 -7.416111e-04) (1.024090e+01 3.433597e-01 1.817104e-04)) ((1.974085e-04 -6.875064e-03 1.839692e+01) (-1.882539e-05 -2.867991e-04 -2.112438e+00))
439           	((2.015755e+00 5.921548e+01 -7.790904e-04) (1.024117e+01 3.439377e-01 2.304351e-04)) ((-7.858547e-05 -6.767321e-03 1.846354e+01) (7.360067e-05 -1.632144e-04 -2.110733e+00))
440           	((2.016481e+00 5.922054e+01 -6.299606e-04) (1.024096e+01 3.442430e-01 1.309914e-04)) ((-2.057869e-04 -7.175654e-03 1.847627e+01) (-6.152488e-05 -5.254242e-05 -2.109841e+00))
441           	((2.013974e+00 5.920802e+01 -1.225682e-03) (1.024006e+01 3.442499e-01 5.714063e-05)) ((1.042776e-03 -5.789601e-03 1.844142e+01) (-4.888537e-05 1.669444e-04 -2.109818e+00))
442           	((2.017783e+00 5.922480e+01 -8.987376e-04) (1.024205e+01 3.433791e-01 1.539835e-05)) ((2.485488e-05 -6.516375e-03 1.848974e+01) (7.102331e-05 4.871402e-04 -2.112378e+00))
443           	((2.019782e+00 5.923614e+01 -5.513147e-04) (1.024153e+01 3.439712e-01 1.414650e-05)) ((-3.744133e-04 -7.345411e-03 1.852053e+01) (-5.577666e-05 3.560669e-04 -2.110641e+00))
444           	((2.016521e+00 5.922104e+01 -8.362195e-04) (1.024012e+01 3.442672e-01 1.610914e-04)) ((3.690699e-04 -6.699950e-03 1.847802e+01) (-3.612693e-05 -1.188248e-04 -2.109772e+00))
445           	((2.015374e+00 5.921286e+01 -3.415609e-04) (1.024040e+01 3.442554e-01 3.618504e-05)) ((-9.136934e-04 -7.802873e-03 1.845720e+01) (7.114695e-05 5.081707e-04 -2.109802e+00))
446           	((2.011802e+00 5.919381e+01 -1.970931e-04) (1.023953e+01 3.444165e-01 1.092031e-04)) ((-9.566932e-04 -8.227093e-03 1.840579e+01) (-5.355427e-05 6.208170e-05 -2.109329e+00))
447           	((2.016789e+00 5.921604e+01 -1.177444e-04) (1.024178e+01 3.433643e-01 3.520510e-05)) ((-1.144230e-03 -8.366908e-03 1.846896e+01) (1.921015e-06 4.065812e-04 -2.112417e+00))
448           	((2.016077e+00 5.921469e+01 1.829260e-04) (1.023977e+01 3.445955e-01 4.102976e-06)) ((-1.600469e-03 -9.072583e-03 1.846259e+01) (9.055931e-06 4.807186e-04 -2.108801e+00))
449           	((2.016750e+00 5.921883e+01 5.139888e-04) (1.024157e+01 3.435214e-01 -5.681595e-05)) ((-2.142068e-03 -9.842640e-03 1.847332e+01) (1.567599e-05 7.139228e-04 -2.111964e+00))
450           	((2.014745e+00 5.921076e+01 7.498875e-04) (1.023977e+01 3.444179e-01 3.384789e-05)) ((-2.593112e-03 -1.039292e-02 1.844956e+01) (-1.406533e-05 3.985329e-04 -2.109327e+00))
451           	((2.008385e+00 5.917718e+01 5.959873e-04) (1.023782e+01 3.451543e-01 -3.719888e-05)) ((-2.255101e-03 -1.002648e-02 1.835667e+01) (2.641125e-06 6.234846e-04 -2.107151e+00))
452           	((2.011089e+00 5.918714e+01 9.230709e-04) (1.024142e+01 3.430072e-01 -3.924355e-05)) ((-3.083705e-03 -1.076798e-02 1.838685e+01) (3.909286e-05 6.844510e-04 -2.113467e+00))
453           	((2.015147e+00 5.921028e+01 1.171287e-03) (1.024075e+01 3.439323e-01 -3.259818e-05)) ((-3.374273e-03 -1.133072e-02 1.844958e+01) (-1.121812e-05 6.270913e-04 -2.110751e+00))
454           	((2.011966e+00 5.919526e+01 1.094098e-03) (1.023868e+01 3.449894e-01 7.177347e-07)) ((-3.217499e-03 -1.113995e-02 1.840559e+01) (-4.309893e-06 4.935246e-04 -2.107642e+00))
455           	((2.011310e+00 5.919016e+01 7.495003e-04) (1.024034e+01 3.438411e-01 -1.283571e-05)) ((-2.608998e-03 -1.031931e-02 1.839244e+01) (-6.438523e-06 5.239720e-04 -2.111020e+00))
456           	((2.008152e+00 5.917568e+01 4.791146e-04) (1.023884e+01 3.442863e-01 9.355361e-05)) ((-2.256705e-03 -9.702413e-03 1.835262e+01) (9.804800e-06 1.916535e-04 -2.109710e+00))
457           	((2.009970e+00 5.918331e+01 -1.771571e-04) (1.023994e+01 3.440787e-01 8.076251e-05)) ((-8.873486e-04 -8.179606e-03 1.837498e+01) (-4.348514e-05 1.308226e-04 -2.110311e+00))
458           	((2.009863e+00 5.918338e+01 -4.546087e-04) (1.023962e+01 3.442686e-01 1.981964e-04)) ((-8.397565e-04 -7.485588e-03 1.837459e+01) (5.028450e-05 -8.257522e-05 -2.109760e+00))
459           	((2.014159e+00 5.920517e+01 -6.242633e-04) (1.024145e+01 3.434515e-01 6.079998e-05)) ((-5.495632e-04 -7.110554e-03 1.843473e+01) (-3.885365e-05 2.221403e-04 -2.112165e+00))
460           	((2.013755e+00 5.920528e+01 -8.461394e-04) (1.023945e+01 3.447592e-01 4.037636e-05)) ((-1.096417e-04 -6.610131e-03 1.843285e+01) (-1.428724e-05 2.685836e-04 -2.108319e+00))
461           	((2.012857e+00 5.920078e+01 -5.941167e-04) (1.024055e+01 3.437594e-01 9.086728e-05)) ((-6.181738e-04 -7.214675e-03 1.842035e+01) (4.983899e-05 2.763660e-04 -2.111264e+00))
462           	((2.011646e+00 5.919499e+01 -4.623645e-04) (1.023957e+01 3.443781e-01 9.549698e-05)) ((-7.659232e-04 -7.548300e-03 1.840462e+01) (-5.663451e-05 1.013414e-04 -2.109440e+00))
463           	((2.009005e+00 5.917996e+01 -6.166864e-04) (1.023902e+01 3.444750e-01 4.752957e-05)) ((-4.571931e-04 -7.179446e-03 1.836438e+01) (1.164833e-05 3.316237e-04 -2.109150e+00))
464           	((2.007597e+00 5.917155e+01 -7.193840e-05) (1.023949e+01 3.438498e-01 7.798509e-05)) ((-1.672330e-03 -8.443581e-03 1.834311e+01) (3.046504e-05 3.132005e-04 -2.110992e+00))
465           	((2.009455e+00 5.917994e+01 -3.933915e-04) (1.023986e+01 3.442287e-01 -2.530265e-05)) ((-6.586403e-04 -7.727346e-03 1.836776e+01) (-8.258372e-05 4.143022e-04 -2.109873e+00))
466           	((2.008884e+00 5.917685e+01 -1.013101e-03) (1.023927e+01 3.443317e-01 5.731093e-05)) ((3.885123e-04 -6.274790e-03 1.835922e+01) (3.123123e-06 2.065308e-04 -2.109572e+00))
467           	((2.012731e+00 5.919582e+01 -8.053609e-04) (1.024109e+01 3.435625e-01 1.427537e-04)) ((-2.667876e-04 -6.738875e-03 1.841234e+01) (5.264493e-05 1.231202e-04 -2.111837e+00))
468           	((2.011027e+00 5.918964e+01 -1.706117e-04) (1.023881e+01 3.447705e-01 6.918382e-05)) ((-1.684137e-03 -8.181317e-03 1.839356e+01) (-1.147496e-05 3.086403e-04 -2.108284e+00))
469           	((2.013945e+00 5.920336e+01 -7.395383e-04) (1.024139e+01 3.435063e-01 1.687672e-05)) ((-2.404012e-04 -6.879898e-03 1.843210e+01) (-8.133317e-05 2.618233e-04 -2.112001e+00))
470           	((2.013686e+00 5.920497e+01 -1.302896e-03) (1.023997e+01 3.442013e-01 7.147635e-05)) ((6.275074e-04 -5.553572e-03 1.843510e+01) (8.042258e-06 1.671432e-04 -2.109963e+00))
471           	((2.015250e+00 5.921271e+01 -1.847880e-03) (1.024067e+01 3.440625e-01 1.255213e-04)) ((1.595582e-03 -4.272615e-03 1.845615e+01) (-4.598982e-05 -4.302959e-05 -2.110362e+00))
472           	((2.011553e+00 5.919502e+01 -2.396205e-03) (1.023901e+01 3.445832e-01 2.337825e-04)) ((2.356198e-03 -2.984796e-03 1.840602e+01) (1.603339e-06 -3.608533e-04 -2.108838e+00))
473           	((2.015145e+00 5.921230e+01 -2.517348e-03) (1.024205e+01 3.429486e-01 1.024839e-04)) ((2.433036e-03 -2.719595e-03 1.845520e+01) (2.854917e-06 6.831926e-05 -2.113647e+00))
474           	((2.015442e+00 5.921565e+01 -2.127105e-03) (1.023988e+01 3.446682e-01 1.068171e-04)) ((1.727254e-03 -3.647245e-03 1.846289e+01) (-1.581723e-05 7.044814e-05 -2.108588e+00))
475           	((2.012808e+00 5.920105e+01 -2.140948e-03) (1.023961e+01 3.443088e-01 1.605718e-04)) ((2.089223e-03 -3.655526e-03 1.842213e+01) (-3.523162e-05 -1.206369e-04 -2.109645e+00))
476           	((2.014065e+00 5.920646e+01 -1.609188e-03) (1.024111e+01 3.435642e-01 1.296990e-04)) ((6.701807e-04 -4.809329e-03 1.843833e+01) (5.286874e-06 1.067728e-04 -2.111840e+00))
477           	((2.013360e+00 5.920334e+01 -8.887904e-04) (1.023990e+01 3.443095e-01 1.073989e-04)) ((-6.945969e-04 -6.513250e-03 1.842962e+01) (2.738109e-05 2.401009e-04 -2.109644e+00))
478           	((2.006930e+00 5.917002e+01 1.753859e-04) (1.023775e+01 3.448946e-01 -2.518459e-05)) ((-2.730321e-03 -8.986914e-03 1.833775e+01) (-1.111354e-05 6.416379e-04 -2.107916e+00))
479           	((2.010580e+00 5.918567e+01 -6.968343e-04) (1.024126e+01 3.431663e-01 -4.055144e-05)) ((-1.915488e-04 -7.056878e-03 1.838312e+01) (-1.083146e-04 3.688125e-04 -2.112996e+00))
480           	((2.017535e+00 5.922357e+01 -1.093261e-03) (1.024209e+01 3.436442e-01 1.263152e-04)) ((-1.408366e-04 -5.999458e-03 1.848656e+01) (5.145421e-05 1.348620e-04 -2.111598e+00))
481           	((2.021349e+00 5.924496e+01 -4.701494e-04) (1.024190e+01 3.439195e-01 5.169638e-05)) ((-1.732036e-03 -7.393988e-03 1.854244e+01) (4.853218e-05 4.388698e-04 -2.110794e+00))
482           	((2.017917e+00 5.922972e+01 6.242930e-04) (1.024002e+01 3.446819e-01 -2.530725e-05)) ((-3.652114e-03 -9.971556e-03 1.849759e+01) (1.667219e-05 6.568971e-04 -2.108552e+00))
483           	((2.013694e+00 5.920749e+01 3.199435e-04) (1.024012e+01 3.442557e-01 -6.617742e-05)) ((-2.167412e-03 -9.383224e-03 1.843686e+01) (-6.558757e-05 5.701494e-04 -2.109804e+00))
484           	((2.020791e+00 5.923969e+01 1.624961e-04) (1.024324e+01 3.430884e-01 -4.872053e-05)) ((-2.046318e-03 -8.971792e-03 1.852868e+01) (3.017463e-05 6.620464e-04 -2.113235e+00))
485           	((2.019709e+00 5.923813e+01 1.897109e-04) (1.024077e+01 3.443921e-01 8.077499e-05)) ((-2.181956e-03 -9.017206e-03 1.852235e+01) (1.407304e-05 2.936298e-04 -2.109408e+00))
486           	((2.017917e+00 5.923006e+01 7.468762e-04) (1.024136e+01 3.436401e-01 -7.880838e-06)) ((-3.685615e-03 -1.022267e-02 1.849928e+01) (5.640067e-06 5.955108e-04 -2.111618e+00))
487           	((2.018342e+00 5.923456e+01 1.674913e-04) (1.024185e+01 3.436406e-01 3.514928e-05)) ((-2.050389e-03 -8.899484e-03 1.851087e+01) (-9.181814e-05 2.224215e-04 -2.111616e+00))
488           	((2.018051e+00 5.923460e+01 -2.467720e-05) (1.024173e+01 3.439234e-01 4.116245e-06)) ((-2.021114e-03 -8.413734e-03 1.850996e+01) (5.527975e-05 5.107615e-04 -2.110789e+00))
489           	((2.018049e+00 5.923345e+01 -8.813786e-05) (1.024143e+01 3.440089e-01 1.446238e-04)) ((-1.817358e-03 -8.306666e-03 1.850674e+01) (-1.787965e-05 2.764238e-05 -2.110533e+00))
490           	((2.011750e+00 5.920263e+01 -3.184185e-04) (1.023929e+01 3.445899e-01 1.192386e-04)) ((-1.535845e-03 -7.747852e-03 1.842094e+01) (-1.357563e-05 7.804196e-05 -2.108822e+00))
491           	((2.015270e+00 5.921870e+01 -9.984513e-04) (1.024317e+01 3.425862e-01 8.293902e-05)) ((-3.627470e-05 -6.249327e-03 1.846700e+01) (-2.360349e-06 1.295060e-04 -2.114717e+00))
492           	((2.015126e+00 5.921942e+01 -1.448732e-03) (1.024036e+01 3.445912e-01 1.035215e-04)) ((6.863005e-04 -5.195322e-03 1.846760e+01) (-3.001582e-05 2.726282e-05 -2.108822e+00))
493           	((2.011465e+00 5.919940e+01 -2.088329e-03) (1.023980e+01 3.443142e-01 1.753369e-04)) ((1.955726e-03 -3.720838e-03 1.841216e+01) (-4.425825e-05 -2.179133e-04 -2.109630e+00))
494           	((2.007597e+00 5.917774e+01 -1.869124e-03) (1.023932e+01 3.442792e-01 2.891312e-04)) ((9.993619e-04 -4.175463e-03 1.835402e+01) (5.328346e-05 -3.547534e-04 -2.109734e+00))
495           	((2.015078e+00 5.921176e+01 -1.683110e-03) (1.024251e+01 3.431702e-01 2.074519e-04)) ((1.012427e-03 -4.685475e-03 1.845052e+01) (-5.024642e-05 -2.648067e-04 -2.112987e+00))
496           	((2.016628e+00 5.922379e+01 -1.788889e-03) (1.024102e+01 3.440102e-01 8.166948e-05)) ((1.452719e-03 -4.446528e-03 1.848053e+01) (-4.699165e-05 7.783551e-05 -2.110529e+00))
497           	((2.012819e+00 5.920624e+01 -1.747083e-03) (1.023977e+01 3.443584e-01 8.872378e-05)) ((1.575214e-03 -4.595428e-03 1.843011e+01) (4.269237e-05 1.892605e-04 -2.109503e+00))
498           	((2.005183e+00 5.916602e+01 -1.146346e-03) (1.023784e+01 3.449517e-01 1.663924e-04)) ((3.420019e-04 -5.986450e-03 1.831993e+01) (-2.289651e-05 -5.303188e-05 -2.107750e+00))
499           	((2.005937e+00 5.916702e+01 -2.238598e-03) (1.024073e+01 3.431409e-01 9.591290e-05)) ((3.010946e-03 -3.519318e-03 1.832630e+01) (-9.995344e-05 -1.122705e-04 -2.113076e+00))
500           	((2.012409e+00 5.920080e+01 -2.873457e-03) (1.024156e+01 3.434064e-01 1.470202e-04)) ((3.886052e-03 -2.014335e-03 1.842025e+01) (3.286256e-05 -1.000432e-04 -2.112298e+00))
